# mu sigma energy error acceptance
0.5 0.4 0.1655098528 0.02137159932 0.551
0.5 0.42 0.09949897056 0.01932750122 0.5589
0.5 0.44 0.01230380405 0.01812366784 0.56535
0.5 0.46 0.005370143561 0.01492466098 0.56325
0.5 0.48 -0.05749225014 0.01293480898 0.56735
0.5 0.5 -0.07965100859 0.01260603905 0.56645
0.5 0.52 -0.1125123079 0.01120988202 0.5629
0.5 0.54 -0.1120362485 0.01174477756 0.56625
0.5 0.56 -0.1440533713 0.01044009329 0.56405
0.5 0.58 -0.1626636329 0.01168557786 0.5705
0.5 0.6 -0.16172625 0.01048813724 0.5673
0.5 0.62 -0.1868188385 0.01051755446 0.5748
0.5 0.64 -0.1976087651 0.01029601474 0.5749
0.5 0.66 -0.2314543012 0.009846479766 0.5819
0.5 0.68 -0.23261894 0.0103166026 0.57905
0.5 0.7 -0.2277267038 0.009673190711 0.5884
0.5 0.72 -0.2496049888 0.01088607431 0.5833
0.5 0.74 -0.2724350969 0.01059736255 0.58805
0.5 0.76 -0.2493205994 0.009254111221 0.6008
0.5 0.78 -0.2604294694 0.01436480067 0.6017
0.5 0.8 -0.2567714604 0.01075555199 0.61445
0.52 0.4 0.143906391 0.02424227716 0.5595
0.52 0.42 0.07241620164 0.02183349424 0.5648
0.52 0.44 0.02297598259 0.01664367807 0.5742
0.52 0.46 -0.05772191537 0.01619981521 0.57555
0.52 0.48 -0.06532461568 0.01356723413 0.58005
0.52 0.5 -0.1277471232 0.01437462695 0.57835
0.52 0.52 -0.1261945185 0.01120084698 0.5809
0.52 0.54 -0.1523835675 0.01124517948 0.5761
0.52 0.56 -0.1791115227 0.01132377207 0.57545
0.52 0.58 -0.1864642676 0.0102808122 0.5808
0.52 0.6 -0.2011254287 0.009888228214 0.5766
0.52 0.62 -0.2175327624 0.009494859382 0.5805
0.52 0.64 -0.2503842091 0.009642689825 0.5923
0.52 0.66 -0.2238303639 0.01075562316 0.5891
0.52 0.68 -0.2616866082 0.009945840493 0.59005
0.52 0.7 -0.2558655156 0.009891546882 0.591
0.52 0.72 -0.2656519843 0.008743834752 0.5953
0.52 0.74 -0.26158016 0.01428374317 0.5977
0.52 0.76 -0.267768918 0.008873788547 0.61285
0.52 0.78 -0.2936425875 0.008517647168 0.60855
0.52 0.8 -0.2807499216 0.01542257866 0.6186
0.54 0.4 0.1594494011 0.02412146301 0.5585
0.54 0.42 0.06145044336 0.02211532366 0.5791
0.54 0.44 -0.006576764189 0.0188927154 0.58555
0.54 0.46 -0.07294614639 0.01570440992 0.58885
0.54 0.48 -0.125072123 0.01544258732 0.59275
0.54 0.5 -0.1486481911 0.01265739664 0.5948
0.54 0.52 -0.1745413906 0.01077629958 0.5897
0.54 0.54 -0.1886450729 0.01126189705 0.5953
0.54 0.56 -0.2123675772 0.0105953085 0.59235
0.54 0.58 -0.2297602934 0.01115567492 0.59125
0.54 0.6 -0.2191180521 0.009120134975 0.59345
0.54 0.62 -0.2412364961 0.009157376202 0.59995
0.54 0.64 -0.2473059497 0.008118199515 0.5953
0.54 0.66 -0.2482543614 0.008353094207 0.59735
0.54 0.68 -0.2786313475 0.009624244269 0.5984
0.54 0.7 -0.2688483572 0.009399509164 0.60185
0.54 0.72 -0.2870566243 0.008455849667 0.60335
0.54 0.74 -0.2896074132 0.009237931106 0.6083
0.54 0.76 -0.2992789982 0.008940559563 0.61575
0.54 0.78 -0.3002358515 0.009434553362 0.62005
0.54 0.8 -0.2777618483 0.01387196448 0.62445
0.56 0.4 0.1190958878 0.02798670349 0.56545
0.56 0.42 0.07112453082 0.02209461549 0.5789
0.56 0.44 -0.05317923272 0.01940452285 0.58535
0.56 0.46 -0.08454667878 0.01558910338 0.59335
0.56 0.48 -0.1134340923 0.01406061584 0.60855
0.56 0.5 -0.174862969 0.01279493099 0.60975
0.56 0.52 -0.1848719231 0.01201815974 0.60715
0.56 0.54 -0.2220217969 0.01146159258 0.6043
0.56 0.56 -0.2405672039 0.0104422298 0.6052
0.56 0.58 -0.2503067753 0.00987945579 0.604
0.56 0.6 -0.2576547379 0.008923534547 0.6052
0.56 0.62 -0.2577257745 0.008929700915 0.60355
0.56 0.64 -0.2738079503 0.008712403534 0.61415
0.56 0.66 -0.298751799 0.007942724151 0.6036
0.56 0.68 -0.2922724067 0.009458545562 0.6094
0.56 0.7 -0.291112288 0.009671531108 0.6108
0.56 0.72 -0.2856362988 0.0090531817 0.61415
0.56 0.74 -0.2949495927 0.009966286303 0.6166
0.56 0.76 -0.3077085721 0.01243092408 0.62225
0.56 0.78 -0.2921738676 0.009935857168 0.62305
0.56 0.8 -0.3060482715 0.00911446344 0.63375
0.58 0.4 0.23163404 0.02750693431 0.56235
0.58 0.42 0.03674762269 0.02249179104 0.5833
0.58 0.44 -0.06383861033 0.01885267066 0.59345
0.58 0.46 -0.1266413726 0.01834298008 0.6143
0.58 0.48 -0.1765613464 0.01439640589 0.614
0.58 0.5 -0.2029223143 0.01211433174 0.6196
0.58 0.52 -0.2112189011 0.01151235791 0.62405
0.58 0.54 -0.2590785635 0.01014775246 0.6173
0.58 0.56 -0.2677968256 0.01091107788 0.6211
0.58 0.58 -0.2775779448 0.009313371408 0.61395
0.58 0.6 -0.2983511136 0.009323633606 0.6154
0.58 0.62 -0.2912722032 0.008372210341 0.61865
0.58 0.64 -0.2828585208 0.008040690832 0.61455
0.58 0.66 -0.3111967564 0.007798501927 0.62115
0.58 0.68 -0.2955014755 0.007963248711 0.6196
0.58 0.7 -0.3212483546 0.008748777445 0.61065
0.58 0.72 -0.3162432536 0.008768877492 0.6198
0.58 0.74 -0.3136345017 0.008415831409 0.62655
0.58 0.76 -0.3085991376 0.01472958288 0.62415
0.58 0.78 -0.3210607567 0.01016505634 0.6266
0.58 0.8 -0.2923771021 0.01282319077 0.63985
0.6 0.4 0.1457714018 0.0265016827 0.5551
0.6 0.42 0.06404900197 0.02401475686 0.58025
0.6 0.44 -0.07378106106 0.01968284543 0.5882
0.6 0.46 -0.1626390796 0.01824120212 0.60675
0.6 0.48 -0.149802811 0.01312996314 0.61485
0.6 0.5 -0.2210231802 0.01403758366 0.6225
0.6 0.52 -0.2510739527 0.01030190482 0.6328
0.6 0.54 -0.2777864897 0.009533511625 0.63275
0.6 0.56 -0.2982293234 0.01011149439 0.63095
0.6 0.58 -0.3060176991 0.007705651188 0.63455
0.6 0.6 -0.313601203 0.007694848943 0.62445
0.6 0.62 -0.3173124528 0.007478271364 0.6275
0.6 0.64 -0.3154875582 0.00670357933 0.62725
0.6 0.66 -0.3169038801 0.007552590894 0.6255
0.6 0.68 -0.3227861728 0.00746880634 0.6283
0.6 0.7 -0.3331770076 0.007896517708 0.6275
0.6 0.72 -0.3251346379 0.008411742752 0.6352
0.6 0.74 -0.3157986536 0.009324080591 0.62605
0.6 0.76 -0.321408573 0.009800331052 0.63355
0.6 0.78 -0.3146342757 0.01074469233 0.63815
0.6 0.8 -0.3294113929 0.009555993774 0.6419
0.62 0.4 0.1833473007 0.03159382051 0.5492
0.62 0.42 0.03229580228 0.02595088304 0.583
0.62 0.44 -0.0527181951 0.02040718249 0.5971
0.62 0.46 -0.1373834461 0.01638730161 0.6116
0.62 0.48 -0.1947307471 0.01515601537 0.6179
0.62 0.5 -0.244995715 0.01390495671 0.6348
0.62 0.52 -0.2774460252 0.01030417845 0.63735
0.62 0.54 -0.2883055751 0.009851639302 0.63235
0.62 0.56 -0.300547461 0.008530356 0.64145
0.62 0.58 -0.3171569076 0.008387825022 0.6423
0.62 0.6 -0.3235917712 0.007075945504 0.6463
0.62 0.62 -0.333383873 0.007086171165 0.63865
0.62 0.64 -0.3421268605 0.007250166404 0.63535
0.62 0.66 -0.3407205135 0.01053653306 0.6395
0.62 0.68 -0.3456533756 0.006084338794 0.63785
0.62 0.7 -0.3517731102 0.007462482061 0.6407
0.62 0.72 -0.3301088017 0.01032270576 0.63575
0.62 0.74 -0.3363956775 0.009061902431 0.63735
0.62 0.76 -0.3524786675 0.009833873928 0.6455
0.62 0.78 -0.325395716 0.009775793179 0.64715
0.62 0.8 -0.3408852678 0.01278614099 0.64835
0.64 0.4 0.1822462473 0.03141353421 0.54705
0.64 0.42 0.04092617429 0.02861303241 0.5691
0.64 0.44 -0.05004421361 0.02065015163 0.59445
0.64 0.46 -0.1615586203 0.01795019591 0.6115
0.64 0.48 -0.1909089832 0.01500314824 0.6235
0.64 0.5 -0.2465790842 0.01604705802 0.6352
0.64 0.52 -0.3021218734 0.01188412862 0.65145
0.64 0.54 -0.3185458533 0.01077514292 0.6491
0.64 0.56 -0.3417350046 0.008560589757 0.653
0.64 0.58 -0.3398019561 0.007769282139 0.65535
0.64 0.6 -0.3572994366 0.006880895904 0.6526
0.64 0.62 -0.3588453817 0.006452860934 0.64825
0.64 0.64 -0.3479722429 0.006726663008 0.65305
0.64 0.66 -0.3571439515 0.008217995724 0.6515
0.64 0.68 -0.3601090692 0.006977721467 0.64545
0.64 0.7 -0.3638980053 0.008664203171 0.65005
0.64 0.72 -0.3383291999 0.01032637616 0.6508
0.64 0.74 -0.3353660268 0.01611701341 0.6516
0.64 0.76 -0.3549102568 0.01043068111 0.6523
0.64 0.78 -0.3407630856 0.01042056964 0.6481
0.64 0.8 -0.3573706846 0.01166810213 0.65695
0.66 0.4 0.1863090034 0.03247007284 0.5325
0.66 0.42 0.06848395708 0.02677330631 0.55595
0.66 0.44 -0.03817983327 0.02138808819 0.5822
0.66 0.46 -0.159071356 0.01846728149 0.60375
0.66 0.48 -0.2176193664 0.015006967 0.61705
0.66 0.5 -0.2607877684 0.01318719045 0.6377
0.66 0.52 -0.3124293232 0.01043338056 0.64115
0.66 0.54 -0.3506663491 0.00871193911 0.65225
0.66 0.56 -0.3555883553 0.008293959424 0.66055
0.66 0.58 -0.3524255585 0.006876331469 0.6697
0.66 0.6 -0.3624824384 0.00651100301 0.663
0.66 0.62 -0.3801754757 0.006011061343 0.6628
0.66 0.64 -0.3761605998 0.006160966114 0.6572
0.66 0.66 -0.3855165591 0.006500135021 0.66025
0.66 0.68 -0.3793399279 0.008516248634 0.65665
0.66 0.7 -0.3600155138 0.009009030031 0.6587
0.66 0.72 -0.3683228645 0.006975396129 0.6554
0.66 0.74 -0.3644700115 0.01319453973 0.6588
0.66 0.76 -0.3492925205 0.0103060457 0.6548
0.66 0.78 -0.3375460135 0.01437752653 0.65945
0.66 0.8 -0.3562714613 0.01111784672 0.65845
0.68 0.4 0.2925405748 0.03246957465 0.52155
0.68 0.42 0.1016390616 0.02626622086 0.5442
0.68 0.44 -0.08912621479 0.02222184638 0.5798
0.68 0.46 -0.1507982005 0.01876500467 0.5939
0.68 0.48 -0.2356844264 0.01758635142 0.6215
0.68 0.5 -0.2869878972 0.01364931664 0.62705
0.68 0.52 -0.3213719145 0.01087453965 0.64405
0.68 0.54 -0.3467236061 0.009875233157 0.65555
0.68 0.56 -0.3826079284 0.008393452567 0.67155
0.68 0.58 -0.3805060711 0.007510619742 0.6628
0.68 0.6 -0.3862312082 0.005646792277 0.6783
0.68 0.62 -0.3949431983 0.005471153067 0.67775
0.68 0.64 -0.3870216426 0.005937335277 0.66985
0.68 0.66 -0.3941348282 0.006164666086 0.67055
0.68 0.68 -0.3925574645 0.006104015895 0.6699
0.68 0.7 -0.3874420285 0.007943573747 0.669
0.68 0.72 -0.3824791042 0.009677471742 0.66635
0.68 0.74 -0.3648965101 0.007818463358 0.6734
0.68 0.76 -0.3172936476 0.01678985793 0.66245
0.68 0.78 -0.3440672781 0.01462771746 0.6688
0.68 0.8 -0.3115749324 0.01992913821 0.6622
0.7 0.4 0.1896638482 0.03305348246 0.51165
0.7 0.42 0.1091204508 0.0272976494 0.53305
0.7 0.44 -0.05494545361 0.02181781736 0.55595
0.7 0.46 -0.1436443699 0.01732421976 0.5894
0.7 0.48 -0.2362089068 0.01569848531 0.6108
0.7 0.5 -0.2777167289 0.01401319185 0.629
0.7 0.52 -0.314318964 0.01164855837 0.64225
0.7 0.54 -0.3681361366 0.009050524238 0.6573
0.7 0.56 -0.3787444843 0.007626436059 0.6655
0.7 0.58 -0.396991702 0.006644595512 0.6685
0.7 0.6 -0.4127894844 0.005988813032 0.6796
0.7 0.62 -0.4134763197 0.006062267808 0.68225
0.7 0.64 -0.4133996062 0.004286882669 0.6863
0.7 0.66 -0.4020595839 0.01002770017 0.68265
0.7 0.68 -0.389737006 0.008721461483 0.68085
0.7 0.7 -0.3878540482 0.008005487712 0.6837
0.7 0.72 -0.3734127982 0.0089028267 0.6785
0.7 0.74 -0.3752012499 0.009941092519 0.6783
0.7 0.76 -0.3473097941 0.01430783087 0.67455
0.7 0.78 -0.3411010605 0.01538317047 0.679
0.7 0.8 -0.3261919306 0.0171196468 0.67235
0.72 0.4 0.2677882469 0.03063358621 0.5001
0.72 0.42 0.1189275731 0.02625365729 0.52
0.72 0.44 -0.02016348105 0.02334851149 0.54295
0.72 0.46 -0.1753392875 0.01963265793 0.5733
0.72 0.48 -0.2494062765 0.01598812904 0.5967
0.72 0.5 -0.3161298728 0.01443846424 0.6242
0.72 0.52 -0.3443109425 0.01159350193 0.63735
0.72 0.54 -0.3787829874 0.009721181406 0.6516
0.72 0.56 -0.4032074993 0.008892545518 0.66715
0.72 0.58 -0.4120884966 0.006525233378 0.6776
0.72 0.6 -0.4269703446 0.005275293263 0.6862
0.72 0.62 -0.4189351397 0.005001179833 0.6923
0.72 0.64 -0.4205587488 0.005921995111 0.68915
0.72 0.66 -0.4092499507 0.006209311309 0.69115
0.72 0.68 -0.3971182985 0.01052415319 0.69285
0.72 0.7 -0.4083498366 0.00648217902 0.6926
0.72 0.72 -0.3938848425 0.007841092099 0.68725
0.72 0.74 -0.3657973789 0.010900198 0.6855
0.72 0.76 -0.3513188387 0.0162407076 0.68465
0.72 0.78 -0.3091368539 0.02974829512 0.68515
0.72 0.8 -0.3398163493 0.01583305383 0.6884
0.74 0.4 0.2716532084 0.03320532437 0.48035
0.74 0.42 0.09445376066 0.02515996007 0.52005
0.74 0.44 -0.03757879506 0.02456735888 0.5358
0.74 0.46 -0.1350763959 0.01951136628 0.56925
0.74 0.48 -0.2469471487 0.01560047094 0.58475
0.74 0.5 -0.2947702118 0.01440743184 0.6159
0.74 0.52 -0.3323501694 0.01147406002 0.63245
0.74 0.54 -0.363888627 0.008882492883 0.64455
0.74 0.56 -0.3974919865 0.007549210822 0.66575
0.74 0.58 -0.4186065606 0.006046594037 0.67685
0.74 0.6 -0.4337569081 0.006341699797 0.69005
0.74 0.62 -0.4240723253 0.006563616579 0.6949
0.74 0.64 -0.4268281499 0.005146280686 0.702
0.74 0.66 -0.4155098087 0.007731432354 0.696
0.74 0.68 -0.4172734321 0.006253452446 0.7026
0.74 0.7 -0.4004017593 0.01158407219 0.69375
0.74 0.72 -0.3964208283 0.009584509121 0.69915
0.74 0.74 -0.3641094684 0.01322686143 0.6926
0.74 0.76 -0.3315719568 0.01939533231 0.69515
0.74 0.78 -0.332359453 0.0178575288 0.6877
0.74 0.8 -0.3257124853 0.01915071901 0.69355
0.76 0.4 0.2627909914 0.03387278898 0.4645
0.76 0.42 0.1543893541 0.02616702163 0.4978
0.76 0.44 -0.0460152808 0.02446601479 0.5212
0.76 0.46 -0.1269204085 0.01865457339 0.5463
0.76 0.48 -0.2567171083 0.01729518216 0.5741
0.76 0.5 -0.3240263973 0.01409514467 0.6054
0.76 0.52 -0.350446837 0.01162889392 0.6284
0.76 0.54 -0.3974295927 0.009083738179 0.64565
0.76 0.56 -0.4059645978 0.007041442366 0.66105
0.76 0.58 -0.4342486334 0.005791001427 0.6688
0.76 0.6 -0.4398527154 0.005294932072 0.68825
0.76 0.62 -0.4449858224 0.005118785725 0.6982
0.76 0.64 -0.4371317147 0.005002363482 0.6992
0.76 0.66 -0.4281082919 0.007315904055 0.7037
0.76 0.68 -0.4203449137 0.008894820285 0.70305
0.76 0.7 -0.3921289045 0.01298572706 0.70305
0.76 0.72 -0.4007929098 0.0113500719 0.70785
0.76 0.74 -0.3471710135 0.01814501717 0.70495
0.76 0.76 -0.3286955157 0.02565242428 0.7052
0.76 0.78 -0.3197065133 0.01972168151 0.70305
0.76 0.8 -0.3048164073 0.01988275109 0.69925
0.78 0.4 0.2803466149 0.0315116226 0.4517
0.78 0.42 0.1169788553 0.02745780472 0.4848
0.78 0.44 -0.01852603545 0.02420222902 0.50785
0.78 0.46 -0.1569482132 0.01975422006 0.54335
0.78 0.48 -0.230840867 0.01513833705 0.5691
0.78 0.5 -0.2904928846 0.0140141426 0.5922
0.78 0.52 -0.3236057465 0.0106645494 0.60905
0.78 0.54 -0.3886054749 0.007686263741 0.63225
0.78 0.56 -0.4225194264 0.007474491375 0.6519
0.78 0.58 -0.4309799132 0.005463581347 0.66645
0.78 0.6 -0.4398962417 0.005216708043 0.68075
0.78 0.62 -0.4364310859 0.005927132841 0.70165
0.78 0.64 -0.4427833578 0.006185645769 0.70125
0.78 0.66 -0.4348803919 0.006690291661 0.7036
0.78 0.68 -0.4152831872 0.0117464537 0.71385
0.78 0.7 -0.4058297115 0.01359512094 0.71685
0.78 0.72 -0.3791821846 0.01321023457 0.71365
0.78 0.74 -0.3924625462 0.009910225564 0.71255
0.78 0.76 -0.3585244096 0.01219897736 0.7143
0.78 0.78 -0.3144650271 0.01883307675 0.71285
0.78 0.8 -0.2652242297 0.02193417092 0.71075
0.8 0.4 0.2992402811 0.03366211272 0.4338
0.8 0.42 0.1079061341 0.02640286742 0.461
0.8 0.44 0.006053058123 0.02388254701 0.49405
0.8 0.46 -0.1577040548 0.02237019414 0.5218
0.8 0.48 -0.2312376156 0.01651362951 0.54665
0.8 0.5 -0.2878509975 0.01337198493 0.5753
0.8 0.52 -0.356014412 0.01113856997 0.60425
0.8 0.54 -0.3947230962 0.009120372139 0.62
0.8 0.56 -0.4142368797 0.006653017063 0.64465
0.8 0.58 -0.4404049925 0.005874594142 0.6662
0.8 0.6 -0.4349547032 0.005450808593 0.67755
0.8 0.62 -0.4365034813 0.0122274963 0.6951
0.8 0.64 -0.436245026 0.006990009768 0.6962
0.8 0.66 -0.4344149723 0.007730011191 0.71165
0.8 0.68 -0.3942588066 0.01715025245 0.71835
0.8 0.7 -0.4063496672 0.01189723207 0.7145
0.8 0.72 -0.3839600807 0.01543710045 0.724
0.8 0.74 -0.3757573073 0.01699024527 0.7185
0.8 0.76 -0.3520070855 0.01664874956 0.7213
0.8 0.78 -0.2875756641 0.02649448699 0.72655
0.8 0.8 -0.2384662369 0.03116024001 0.719
0.82 0.4 0.3281189148 0.03251076369 0.4284
0.82 0.42 0.1390445927 0.02462399601 0.45145
0.82 0.44 -0.001242712843 0.0253755589 0.4833
0.82 0.46 -0.1262781037 0.01934456823 0.508
0.82 0.48 -0.2294584187 0.01610385851 0.5373
0.82 0.5 -0.2822076258 0.01466177258 0.55685
0.82 0.52 -0.3373372984 0.01065966534 0.5876
0.82 0.54 -0.3853876572 0.009883814892 0.6172
0.82 0.56 -0.4257122631 0.006961539807 0.62975
0.82 0.58 -0.4261707763 0.006947389382 0.658
0.82 0.6 -0.4449882874 0.005304667501 0.6734
0.82 0.62 -0.4407524327 0.006293888034 0.6846
0.82 0.64 -0.4467386513 0.007545419302 0.7015
0.82 0.66 -0.438966183 0.009828469939 0.71005
0.82 0.68 -0.3943569125 0.01442103772 0.71425
0.82 0.7 -0.3960591305 0.0115691957 0.7241
0.82 0.72 -0.3945212649 0.01208505159 0.7268
0.82 0.74 -0.3368305566 0.02296316348 0.72545
0.82 0.76 -0.345762588 0.01505961245 0.72405
0.82 0.78 -0.2872903714 0.02495279631 0.7256
0.82 0.8 -0.2719759525 0.02124511823 0.72605
0.84 0.4 0.3237283553 0.03171269685 0.4145
0.84 0.42 0.1395024891 0.02872095184 0.4338
0.84 0.44 -0.01240791732 0.02079214167 0.4712
0.84 0.46 -0.1096131718 0.0187297541 0.50105
0.84 0.48 -0.2202140114 0.01624877265 0.53185
0.84 0.5 -0.2986761947 0.01434716829 0.5486
0.84 0.52 -0.3223140686 0.01003472938 0.57395
0.84 0.54 -0.3655246904 0.008583069342 0.60485
0.84 0.56 -0.4066175832 0.007252061781 0.6286
0.84 0.58 -0.4300726614 0.00593843312 0.6491
0.84 0.6 -0.4361701904 0.005718747957 0.6646
0.84 0.62 -0.435980623 0.009685206997 0.68205
0.84 0.64 -0.421743241 0.009275872112 0.69835
0.84 0.66 -0.4113997601 0.009482763133 0.70605
0.84 0.68 -0.4168769531 0.008925799572 0.7132
0.84 0.7 -0.3901273178 0.01455040729 0.7232
0.84 0.72 -0.3818845998 0.01423800552 0.72545
0.84 0.74 -0.3141727624 0.02742735407 0.7405
0.84 0.76 -0.3147950506 0.01885399046 0.7387
0.84 0.78 -0.2674148077 0.02786953877 0.7323
0.84 0.8 -0.2455154371 0.0274432402 0.7297
0.86 0.4 0.3178497907 0.0288398081 0.40045
0.86 0.42 0.1665081103 0.02815497198 0.4254
0.86 0.44 -0.00510123465 0.02254901255 0.45225
0.86 0.46 -0.0618118968 0.01916350613 0.47775
0.86 0.48 -0.1787867664 0.0156140869 0.5033
0.86 0.5 -0.2502035904 0.01313037485 0.5254
0.86 0.52 -0.3185976883 0.009940781137 0.5602
0.86 0.54 -0.36834241 0.008161675371 0.5843
0.86 0.56 -0.3948425028 0.006606035826 0.6098
0.86 0.58 -0.4157316248 0.006875363923 0.63545
0.86 0.6 -0.4246128166 0.006536573793 0.6512
0.86 0.62 -0.4476073785 0.006110610701 0.6757
0.86 0.64 -0.4281611527 0.007179851001 0.69235
0.86 0.66 -0.4102692359 0.01270198937 0.6982
0.86 0.68 -0.4072922576 0.01277590594 0.7134
0.86 0.7 -0.3577825367 0.01542607933 0.7216
0.86 0.72 -0.323316951 0.01678261219 0.72605
0.86 0.74 -0.2818096513 0.03583127051 0.73695
0.86 0.76 -0.3078055224 0.02271123195 0.7418
0.86 0.78 -0.2509248917 0.02810096882 0.74085
0.86 0.8 -0.2331846446 0.03155995298 0.73865
0.88 0.4 0.2676904538 0.03215785587 0.3893
0.88 0.42 0.1783594198 0.02695400506 0.41105
0.88 0.44 0.03143126875 0.02090913081 0.4338
0.88 0.46 -0.1109088251 0.01669506166 0.46985
0.88 0.48 -0.1880477143 0.01581071569 0.5004
0.88 0.5 -0.2469974734 0.01269063267 0.52685
0.88 0.52 -0.3139917165 0.01072371249 0.5441
0.88 0.54 -0.370335748 0.007660567355 0.57385
0.88 0.56 -0.3896353953 0.007822017847 0.5935
0.88 0.58 -0.4118683556 0.005465251989 0.6234
0.88 0.6 -0.4200744322 0.006991805318 0.6484
0.88 0.62 -0.4189319506 0.007800419147 0.65825
0.88 0.64 -0.4034335997 0.01053354765 0.68065
0.88 0.66 -0.3967889093 0.01164255223 0.69205
0.88 0.68 -0.3769435627 0.013830164 0.71085
0.88 0.7 -0.3563616762 0.01780575047 0.7167
0.88 0.72 -0.306203351 0.02725193297 0.73025
0.88 0.74 -0.3083475252 0.02230148891 0.73855
0.88 0.76 -0.2617620497 0.02792003285 0.7393
0.88 0.78 -0.2493359799 0.02457557002 0.74615
0.88 0.8 -0.1946703166 0.03161958383 0.74775
0.9 0.4 0.1987224349 0.03088372156 0.38065
0.9 0.42 0.1856952415 0.02521356633 0.4029
0.9 0.44 0.02330044189 0.02209527126 0.4241
0.9 0.46 -0.1003631326 0.01931157381 0.45765
0.9 0.48 -0.1673723544 0.01454478392 0.48305
0.9 0.5 -0.2362387299 0.01257452516 0.50765
0.9 0.52 -0.3052970808 0.01047793909 0.5358
0.9 0.54 -0.3479235041 0.008396942111 0.5621
0.9 0.56 -0.3770350176 0.006748772216 0.5864
0.9 0.58 -0.3869877077 0.007942249344 0.6068
0.9 0.6 -0.4150915257 0.00698442617 0.63395
0.9 0.62 -0.4054074998 0.01038755316 0.6516
0.9 0.64 -0.4077537965 0.01220230621 0.67265
0.9 0.66 -0.3515521613 0.01665945825 0.6912
0.9 0.68 -0.3731639271 0.01447344095 0.6983
0.9 0.7 -0.3611705297 0.01423663147 0.7231
0.9 0.72 -0.310697221 0.02536357602 0.7259
0.9 0.74 -0.2696808286 0.02814232056 0.7324
0.9 0.76 -0.2485866676 0.02681701465 0.7494
0.9 0.78 -0.1952689918 0.03127058598 0.7494
0.9 0.8 -0.1534603585 0.03412717727 0.7508
0.92 0.4 0.3335457616 0.02948685688 0.3655
0.92 0.42 0.2222378479 0.02395204488 0.39085
0.92 0.44 0.04616243382 0.01990215795 0.41825
0.92 0.46 -0.09253595333 0.01780834816 0.441
0.92 0.48 -0.1617831736 0.01484637481 0.4685
0.92 0.5 -0.1950104087 0.01225832729 0.48585
0.92 0.52 -0.2638561245 0.009239798837 0.52235
0.92 0.54 -0.3421966341 0.008468556749 0.54915
0.92 0.56 -0.3592739143 0.007394584775 0.5729
0.92 0.58 -0.3772437341 0.007753131801 0.60205
0.92 0.6 -0.3780630466 0.009979710675 0.62215
0.92 0.62 -0.3889940395 0.009574249027 0.64245
0.92 0.64 -0.3759316598 0.01081358047 0.65895
0.92 0.66 -0.3541620158 0.01542669436 0.68115
0.92 0.68 -0.3503484981 0.01515063159 0.69795
0.92 0.7 -0.3086158576 0.01963244003 0.7033
0.92 0.72 -0.2513089374 0.02418481524 0.71965
0.92 0.74 -0.2761180818 0.02148244636 0.7313
0.92 0.76 -0.2379238096 0.02801235396 0.7432
0.92 0.78 -0.1739095433 0.02969607768 0.7496
0.92 0.8 -0.1060671009 0.04677344983 0.7596
0.94 0.4 0.3452034943 0.02889556189 0.3556
0.94 0.42 0.18288346 0.02251261155 0.37965
0.94 0.44 0.04401891993 0.02324989847 0.4081
0.94 0.46 -0.06898051473 0.01501843188 0.43505
0.94 0.48 -0.1349267984 0.01483191215 0.458
0.94 0.5 -0.1959460802 0.01192503906 0.484
0.94 0.52 -0.263899141 0.009634817328 0.5118
0.94 0.54 -0.314119201 0.007962755066 0.53975
0.94 0.56 -0.3415490038 0.007360174193 0.5625
0.94 0.58 -0.3444741756 0.008417494083 0.584
0.94 0.6 -0.3670475152 0.01022259877 0.6142
0.94 0.62 -0.364939902 0.01222895956 0.6273
0.94 0.64 -0.3339024862 0.014245271 0.65035
0.94 0.66 -0.3495564222 0.02208871403 0.6716
0.94 0.68 -0.3165519095 0.01821402914 0.68195
0.94 0.7 -0.2953752346 0.02246100741 0.7017
0.94 0.72 -0.2652758193 0.02556150759 0.7174
0.94 0.74 -0.1940355153 0.02881669344 0.7283
0.94 0.76 -0.1671069324 0.0363000105 0.737
0.94 0.78 -0.09664007795 0.03900052573 0.7454
0.94 0.8 -0.07521960193 0.03556477183 0.746
0.96 0.4 0.2921216782 0.02878380048 0.3613
0.96 0.42 0.1662744416 0.02620634478 0.37705
0.96 0.44 0.05696453782 0.02131992436 0.39565
0.96 0.46 -0.03921095114 0.0156472641 0.424
0.96 0.48 -0.118551669 0.01355857661 0.44245
0.96 0.5 -0.1915926725 0.01168268865 0.47975
0.96 0.52 -0.2380649639 0.009580259455 0.50375
0.96 0.54 -0.2946967712 0.008813862616 0.53415
0.96 0.56 -0.3168617539 0.007590402449 0.55365
0.96 0.58 -0.3344756946 0.00878378379 0.576
0.96 0.6 -0.3352832703 0.009934079896 0.60275
0.96 0.62 -0.3563985084 0.01261034939 0.61765
0.96 0.64 -0.3388034593 0.01280367718 0.6511
0.96 0.66 -0.3017101807 0.01708456514 0.65895
0.96 0.68 -0.2483287959 0.02197770009 0.67645
0.96 0.7 -0.2582836031 0.01983523089 0.69985
0.96 0.72 -0.2378183018 0.02630912712 0.70425
0.96 0.74 -0.1783456553 0.02646981164 0.7256
0.96 0.76 -0.1313270496 0.03764912396 0.7377
0.96 0.78 -0.03686122396 0.04676116563 0.74645
0.96 0.8 -0.05521215718 0.04293694256 0.7505
0.98 0.4 0.327354336 0.02916710031 0.34525
0.98 0.42 0.1709756845 0.02364633776 0.372
0.98 0.44 0.03680800366 0.02075496549 0.39195
0.98 0.46 -0.01231475791 0.0164472943 0.41825
0.98 0.48 -0.109464379 0.01305718086 0.4424
0.98 0.5 -0.164662362 0.01119791651 0.46205
0.98 0.52 -0.236493652 0.009790151863 0.48865
0.98 0.54 -0.2652895812 0.009105955187 0.52055
0.98 0.56 -0.282832655 0.00765000936 0.53255
0.98 0.58 -0.293012409 0.01144297521 0.56685
0.98 0.6 -0.2925465547 0.01397345775 0.58255
0.98 0.62 -0.3152223897 0.01127822233 0.6164
0.98 0.64 -0.3124587351 0.01473466775 0.6361
0.98 0.66 -0.2989097254 0.01486403592 0.65555
0.98 0.68 -0.2932926358 0.01596583932 0.6712
0.98 0.7 -0.1351102445 0.03344834602 0.68555
0.98 0.72 -0.1476049123 0.02794904826 0.7072
0.98 0.74 -0.08875320912 0.04401401755 0.71725
0.98 0.76 -0.06956459001 0.0380653525 0.7303
0.98 0.78 -0.07720131399 0.03134904107 0.73915
0.98 0.8 0.04499460525 0.04990524268 0.7508
1 0.4 0.299920096 0.02731975365 0.3463
1 0.42 0.1772553205 0.02344096819 0.3691
1 0.44 0.09013942533 0.01939355313 0.38955
1 0.46 0.0163845377 0.0151302937 0.40465
1 0.48 -0.1078605035 0.01331066468 0.4349
1 0.5 -0.1283241542 0.01148358892 0.4489
1 0.52 -0.2107079642 0.00970918901 0.4838
1 0.54 -0.2480920143 0.008726400254 0.50545
1 0.56 -0.2796430023 0.008204384159 0.52645
1 0.58 -0.2656756392 0.01431650927 0.5522
1 0.6 -0.286557744 0.01135595496 0.5735
1 0.62 -0.2806346452 0.01541568125 0.5926
1 0.64 -0.2242105856 0.01909214605 0.61475
1 0.66 -0.2524978112 0.02362108793 0.6467
1 0.68 -0.2009203885 0.02370823403 0.6654
1 0.7 -0.1651151701 0.02533882628 0.67965
1 0.72 -0.1362112191 0.03677024051 0.6898
1 0.74 -0.1087257606 0.03589935753 0.71225
1 0.76 -0.08930716311 0.02696814671 0.7293
1 0.78 -0.003231665862 0.0420422599 0.73835
1 0.8 0.06947315906 0.04480948733 0.7478
