# mu sigma energy error acceptance
0.2 0.2 2.731081137 0.09403971124 0.2456
0.2 0.25 1.962920433 0.06008374682 0.2574
0.2 0.3 1.579304374 0.04251373185 0.28515
0.2 0.35 1.278906335 0.0365307036 0.3092
0.2 0.4 0.9959116662 0.02929231027 0.33695
0.2 0.45 0.7534540833 0.02540798588 0.376
0.2 0.5 0.5775991765 0.02169256347 0.4017
0.2 0.55 0.4014683273 0.01926364379 0.4302
0.2 0.6 0.2847913472 0.01656202334 0.4564
0.2 0.65 0.1210532452 0.01601817976 0.48
0.2 0.7 0.001713148413 0.01466665972 0.50505
0.2 0.75 -0.06041503069 0.01308219992 0.52925
0.2 0.8 -0.1128303333 0.01170422587 0.55
0.2 0.85 -0.1998227568 0.01119310359 0.5749
0.2 0.9 -0.2288011941 0.01168608899 0.5826
0.25 0.2 2.873155259 0.1222384447 0.2937
0.25 0.25 1.738821509 0.05038780165 0.3125
0.25 0.3 1.307038994 0.03499276493 0.32095
0.25 0.35 1.070163815 0.02839307294 0.33605
0.25 0.4 0.8148982086 0.02836236874 0.36445
0.25 0.45 0.61610387 0.02362708148 0.3915
0.25 0.5 0.4679803355 0.02055746083 0.41
0.25 0.55 0.3224941716 0.01798509586 0.44225
0.25 0.6 0.1442327834 0.0178909913 0.466
0.25 0.65 0.1008873845 0.01586708566 0.49025
0.25 0.7 -0.02369850291 0.01605814876 0.5105
0.25 0.75 -0.07065752781 0.01234425693 0.5352
0.25 0.8 -0.1545946025 0.01032937414 0.56005
0.25 0.85 -0.1898657549 0.01271658541 0.5723
0.25 0.9 -0.2337651212 0.01045259236 0.58395
0.3 0.2 3.142945953 0.1584388357 0.3144
0.3 0.25 1.675523347 0.06041979601 0.35665
0.3 0.3 1.052089708 0.03135572572 0.3699
0.3 0.35 0.8512806582 0.02005253207 0.373
0.3 0.4 0.6272939523 0.02211269668 0.3894
0.3 0.45 0.473688962 0.02311929838 0.4171
0.3 0.5 0.3700255654 0.01705427866 0.4334
0.3 0.55 0.2274929396 0.01711167926 0.4546
0.3 0.6 0.1326052154 0.01755202876 0.477
0.3 0.65 0.0223497289 0.01421384058 0.50785
0.3 0.7 -0.04331885919 0.01287990742 0.5218
0.3 0.75 -0.1075038267 0.01266997466 0.53755
0.3 0.8 -0.1746251629 0.01098958906 0.5614
0.3 0.85 -0.2175864999 0.01117622292 0.5801
0.3 0.9 -0.2644059114 0.01425380119 0.59845
0.35 0.2 4.392992999 0.1715958208 0.3151
0.35 0.25 1.775350624 0.08203629966 0.3795
0.35 0.3 0.8587406345 0.04226756775 0.41795
0.35 0.35 0.6085340636 0.02428192594 0.4176
0.35 0.4 0.4708280823 0.01978906258 0.4312
0.35 0.45 0.3500091482 0.0188470536 0.4451
0.35 0.5 0.2566619679 0.01572000352 0.46195
0.35 0.55 0.1522831785 0.01431646949 0.47765
0.35 0.6 0.06190893584 0.01400259711 0.5022
0.35 0.65 -0.03731246653 0.01410233512 0.52
0.35 0.7 -0.09757436652 0.01304942694 0.53545
0.35 0.75 -0.1743196718 0.01239720525 0.5519
0.35 0.8 -0.2053749627 0.01084637441 0.5715
0.35 0.85 -0.2355952984 0.01137483023 0.5896
0.35 0.9 -0.2607914658 0.01099792337 0.6026
0.4 0.2 5.169093634 0.1662855851 0.31115
0.4 0.25 2.207441873 0.09627796218 0.38325
0.4 0.3 0.9832905461 0.04705709135 0.44435
0.4 0.35 0.5315549675 0.02376456001 0.48045
0.4 0.4 0.2986688587 0.02038562677 0.47865
0.4 0.45 0.2163426791 0.01492394418 0.4794
0.4 0.5 0.1592908889 0.01425861078 0.48935
0.4 0.55 0.05350286297 0.01536099134 0.50615
0.4 0.6 -0.0007103520548 0.01352480739 0.5171
0.4 0.65 -0.08054925918 0.01322791343 0.53195
0.4 0.7 -0.1638937655 0.01222364716 0.5505
0.4 0.75 -0.1958777121 0.01134689957 0.56665
0.4 0.8 -0.229371827 0.01115147715 0.5798
0.4 0.85 -0.2712640556 0.009942171253 0.59465
0.4 0.9 -0.2434285387 0.02586264701 0.6126
0.45 0.2 5.378894366 0.1491654861 0.3039
0.45 0.25 2.481769161 0.09948198529 0.386
0.45 0.3 1.086927974 0.05733455417 0.46015
0.45 0.35 0.5167757199 0.03500994558 0.50275
0.45 0.4 0.1654433062 0.02419904025 0.52185
0.45 0.45 0.09445366342 0.01587172241 0.52105
0.45 0.5 0.01399829419 0.01496379864 0.52515
0.45 0.55 -0.03157535051 0.01224355419 0.5275
0.45 0.6 -0.1094987651 0.01177896427 0.5432
0.45 0.65 -0.1417040914 0.01039997437 0.5521
0.45 0.7 -0.1774844114 0.01057968663 0.56525
0.45 0.75 -0.2181331098 0.01027830159 0.58125
0.45 0.8 -0.243547944 0.01060666289 0.5968
0.45 0.85 -0.2586824016 0.01232462298 0.60645
0.45 0.9 -0.2749522886 0.01152400759 0.62175
0.5 0.2 5.567459137 0.1500365743 0.2968
0.5 0.25 2.77960758 0.1008363527 0.3803
0.5 0.3 1.272134089 0.0620443667 0.45365
0.5 0.35 0.5408482114 0.04148357309 0.5175
0.5 0.4 0.1239647213 0.02552750414 0.5551
0.5 0.45 -0.007519213952 0.01736600167 0.56795
0.5 0.5 -0.07582981503 0.01549191862 0.55715
0.5 0.55 -0.148434637 0.01153901559 0.5627
0.5 0.6 -0.1785936881 0.01020385787 0.56785
0.5 0.65 -0.2049518037 0.009636298072 0.576
0.5 0.7 -0.2160408766 0.01064064507 0.57985
0.5 0.75 -0.2638149836 0.009477009534 0.5997
0.5 0.8 -0.2617614232 0.01097661197 0.6107
0.5 0.85 -0.2596158674 0.01511418287 0.61655
0.5 0.9 -0.2969163658 0.01111262066 0.6339
0.55 0.2 5.878960823 0.1482215436 0.2948
0.55 0.25 2.986410381 0.1108759641 0.3626
0.55 0.3 1.417008486 0.06974530555 0.4419
0.55 0.35 0.6300274752 0.03717286735 0.5155
0.55 0.4 0.1254855551 0.02678549377 0.56205
0.55 0.45 -0.06504218502 0.01752784179 0.5941
0.55 0.5 -0.1674870866 0.01468057421 0.6
0.55 0.55 -0.1982721252 0.01038031159 0.59505
0.55 0.6 -0.2412713339 0.009316628942 0.596
0.55 0.65 -0.269399931 0.008911787599 0.6049
0.55 0.7 -0.2776415559 0.01036119626 0.60595
0.55 0.75 -0.2897194682 0.007457199204 0.6103
0.55 0.8 -0.3025155839 0.008464213466 0.61945
0.55 0.85 -0.2769191718 0.0160830448 0.63
0.55 0.9 -0.2658655914 0.01914228921 0.64205
0.6 0.2 5.809164437 0.1559295022 0.2889
0.6 0.25 3.177160469 0.1011698939 0.3528
0.6 0.3 1.531256498 0.06947418828 0.42345
0.6 0.35 0.7674179564 0.04579467487 0.4963
0.6 0.4 0.1891059887 0.02837519313 0.5526
0.6 0.45 -0.07088454504 0.01809694729 0.60515
0.6 0.5 -0.212676081 0.01217112306 0.6271
0.6 0.55 -0.2833602362 0.009958018083 0.62865
0.6 0.6 -0.3085242528 0.00797185747 0.6294
0.6 0.65 -0.3214877686 0.008301604529 0.6305
0.6 0.7 -0.3394238665 0.008964065689 0.6267
0.6 0.75 -0.3132913743 0.008476553171 0.63275
0.6 0.8 -0.3047317612 0.01178515267 0.6421
0.6 0.85 -0.2765736109 0.01856255861 0.64565
0.6 0.9 -0.2598315098 0.02245017103 0.65385
0.65 0.2 5.328767698 0.1836566502 0.274
0.65 0.25 2.977886644 0.1004411435 0.343
0.65 0.3 1.759040391 0.06607863658 0.39725
0.65 0.35 0.7325292046 0.04378528544 0.4764
0.65 0.4 0.2450351687 0.03274156944 0.53835
0.65 0.45 -0.1035233913 0.02217946979 0.59655
0.65 0.5 -0.2606691898 0.01291577785 0.6329
0.65 0.55 -0.3283461865 0.007732376079 0.65545
0.65 0.6 -0.3774814117 0.006188979276 0.65895
0.65 0.65 -0.3867197351 0.006815239865 0.6533
0.65 0.7 -0.3658673032 0.008234035385 0.65005
0.65 0.75 -0.3609617827 0.01064217906 0.65725
0.65 0.8 -0.3310581444 0.01278620117 0.6594
0.65 0.85 -0.3091927383 0.02287970284 0.6589
0.65 0.9 -0.1971166482 0.03455192449 0.6647
0.7 0.2 4.994838972 0.2073233095 0.25135
0.7 0.25 2.905747112 0.1098571624 0.31555
0.7 0.3 1.710926136 0.06446046355 0.3683
0.7 0.35 0.899075042 0.04625470473 0.4322
0.7 0.4 0.2813065139 0.03309075561 0.50865
0.7 0.45 -0.08950965875 0.02015353297 0.5764
0.7 0.5 -0.290840552 0.01357588664 0.6286
0.7 0.55 -0.3861934906 0.008972287894 0.6565
0.7 0.6 -0.4066456301 0.006646295285 0.68215
0.7 0.65 -0.4206217567 0.005194207745 0.68665
0.7 0.7 -0.3872016245 0.00902346846 0.67575
0.7 0.75 -0.38503559 0.0140931426 0.68025
0.7 0.8 -0.3340878908 0.01358512847 0.67625
0.7 0.85 -0.2627427847 0.02537771994 0.6763
0.7 0.9 -0.2244044556 0.0240681268 0.68625
0.75 0.2 5.216396206 0.1678053668 0.22335
0.75 0.25 2.772112398 0.1078439099 0.2829
0.75 0.3 1.734353867 0.06945319366 0.33625
0.75 0.35 0.8179628039 0.046266209 0.40325
0.75 0.4 0.2547025011 0.03425885953 0.4683
0.75 0.45 -0.08344638132 0.02241729754 0.54455
0.75 0.5 -0.2874102732 0.01393921544 0.5987
0.75 0.55 -0.4015353107 0.0087114346 0.648
0.75 0.6 -0.4291252535 0.004628755713 0.688
0.75 0.65 -0.4272041582 0.006185039784 0.7045
0.75 0.7 -0.385412265 0.01512458417 0.6998
0.75 0.75 -0.3766144691 0.0131433011 0.6995
0.75 0.8 -0.3405912706 0.01449493945 0.69605
0.75 0.85 -0.2628687186 0.02237645918 0.6951
0.75 0.9 -0.1763606822 0.02974553998 0.70265
0.8 0.2 4.983198745 0.1857796452 0.19965
0.8 0.25 2.838567529 0.09871117704 0.25385
0.8 0.3 1.693832555 0.07135023065 0.30615
0.8 0.35 0.8209572439 0.04713817911 0.36915
0.8 0.4 0.2697897016 0.03636746122 0.4354
0.8 0.45 -0.0538490315 0.02436581024 0.51025
0.8 0.5 -0.2728437317 0.01461935053 0.576
0.8 0.55 -0.3988851646 0.007924622582 0.63095
0.8 0.6 -0.4448299872 0.005772957201 0.67755
0.8 0.65 -0.4313499143 0.007020273955 0.70945
0.8 0.7 -0.400885917 0.01197062665 0.7158
0.8 0.75 -0.3410043847 0.01901958848 0.72035
0.8 0.8 -0.2498166256 0.02367966638 0.71595
0.8 0.85 -0.1274744393 0.03591807127 0.71095
0.8 0.9 -0.1447116543 0.03776357039 0.71725
0.85 0.2 4.757370633 0.2084707354 0.18145
0.85 0.25 2.499259028 0.1070516481 0.23395
0.85 0.3 1.47546307 0.06638592585 0.2884
0.85 0.35 0.7880027982 0.04310441931 0.3485
0.85 0.4 0.3195552623 0.03251170681 0.4096
0.85 0.45 -0.07557585777 0.01910481014 0.48005
0.85 0.5 -0.2769149213 0.0125133068 0.5365
0.85 0.55 -0.3989618965 0.007743771538 0.6053
0.85 0.6 -0.4406420863 0.006697494625 0.6597
0.85 0.65 -0.4134736075 0.01101455576 0.6901
0.85 0.7 -0.3830916709 0.01101588077 0.72305
0.85 0.75 -0.3395169379 0.01777740761 0.7353
0.85 0.8 -0.2888353076 0.0220315866 0.73785
0.85 0.85 -0.1104406553 0.05024216289 0.73345
0.85 0.9 -0.08466819861 0.04669226116 0.7242
0.9 0.2 4.481199298 0.2142965185 0.1635
0.9 0.25 2.659117964 0.1167133212 0.2149
0.9 0.3 1.61872855 0.06334785865 0.26125
0.9 0.35 0.742610707 0.03902330766 0.3214
0.9 0.4 0.3776867869 0.0303149953 0.37305
0.9 0.45 -0.02983582813 0.02039629468 0.44075
0.9 0.5 -0.252318981 0.01227706271 0.50585
0.9 0.55 -0.3722665698 0.007622533249 0.576
0.9 0.6 -0.4126382319 0.007010135182 0.636
0.9 0.65 -0.3913798693 0.01216094164 0.67985
0.9 0.7 -0.3662718044 0.01520961215 0.716
0.9 0.75 -0.252953489 0.03110589385 0.74115
0.9 0.8 -0.1761082807 0.02751164139 0.75415
0.9 0.85 -0.02224800386 0.04312951806 0.75615
0.9 0.9 0.01559690307 0.04755460383 0.75345
0.95 0.2 4.854350594 0.2110274991 0.1596
0.95 0.25 2.581116191 0.1202899634 0.20295
0.95 0.3 1.483465421 0.07054372174 0.2591
0.95 0.35 0.7517212429 0.04634169638 0.30795
0.95 0.4 0.3354968288 0.02699634034 0.3553
0.95 0.45 0.005506216532 0.01876436003 0.41495
0.95 0.5 -0.200840662 0.01155487277 0.4827
0.95 0.55 -0.3287233426 0.008271397346 0.544
0.95 0.6 -0.3512651519 0.009737524123 0.6025
0.95 0.65 -0.3181906639 0.01710287001 0.65565
0.95 0.7 -0.2573370109 0.02274424016 0.6912
0.95 0.75 -0.2036020357 0.0323374435 0.7274
0.95 0.8 -0.06627346623 0.03927768686 0.7511
0.95 0.85 -0.004923854747 0.04301137835 0.76315
0.95 0.9 0.2258056304 0.06883077639 0.76075
1 0.2 4.540182563 0.2137558043 0.1584
1 0.25 2.574094309 0.1137982416 0.1944
1 0.3 1.424553302 0.07675036798 0.2454
1 0.35 0.7744703106 0.03870981252 0.2966
1 0.4 0.3375648367 0.02778503489 0.3353
1 0.45 0.04089677137 0.01685057753 0.399
1 0.5 -0.1357459921 0.0116878076 0.4559
1 0.55 -0.241669766 0.008292859732 0.51205
1 0.6 -0.2883296577 0.01087138484 0.57535
1 0.65 -0.2723361055 0.01617340687 0.6391
1 0.7 -0.1487347597 0.02551685547 0.68175
1 0.75 -0.05898245608 0.03943836479 0.7214
1 0.8 0.0239929289 0.044116307 0.74965
1 0.85 0.126076536 0.04760616647 0.77355
1 0.9 0.496087297 0.07866359325 0.7781
