# VELOCITY:     AVE_POFV:        ERROR:
    0.117851 0.000157135 0.000157135           0
    0.353553   0.0266736   0.0266736           0
    0.589256   0.0202115   0.0202115           0
    0.824958    0.107873    0.107873           0
     1.06066    0.165915    0.165915           0
     1.29636    0.188817    0.188817           0
     1.53206    0.276282    0.276282           0
     1.76777    0.428546    0.428546           0
     2.00347    0.456005    0.456005           0
     2.23917    0.532864    0.532864           0
     2.47487    0.603987    0.603987           0
     2.71058    0.469814    0.469814           0
     2.94628    0.332104    0.332104           0
     3.18198    0.248646    0.248646           0
     3.41768    0.140989    0.140989           0
     3.65339   0.0759551   0.0759551           0
     3.88909    0.072557    0.072557           0
     4.12479    0.032684    0.032684           0
     4.36049   0.0231185   0.0231185           0
     4.59619   0.0137493   0.0137493           0
      4.8319   0.0181098   0.0181098           0
      5.0676  0.00493011  0.00493011           0
      5.3033 0.000923167 0.000923167           0
       5.539 0.000353553 0.000353553           0
     5.77471 0.000707107 0.000707107           0
     6.01041 0.000667823 0.000667823           0
     6.24611           0           0           0
     6.48181           0           0           0
     6.71751           0           0           0
     6.95322           0           0           0
    0.117851   0.0114708  0.00581399       0.004
    0.353553   0.0502046   0.0384391  0.00831944
    0.589256    0.198638    0.109425   0.0630833
    0.824958    0.234759    0.171316   0.0448611
     1.06066    0.308141    0.237028   0.0502847
     1.29636    0.361449    0.275133   0.0610347
     1.53206    0.336701    0.306492   0.0213611
     1.76777    0.387671    0.408109   0.0144514
     2.00347    0.451114     0.45356  0.00172917
     2.23917    0.388437    0.460651   0.0510625
     2.47487    0.369719    0.486853   0.0828264
     2.71058    0.237824    0.353819   0.0820208
     2.94628    0.223721    0.277913   0.0383194
     3.18198    0.188248    0.218447   0.0213542
     3.41768    0.135784    0.138387  0.00184028
     3.65339     0.10966   0.0928078   0.0119167
     3.88909    0.137493    0.105025   0.0229583
     4.12479   0.0642092   0.0484466   0.0111458
     4.36049   0.0274004   0.0252594  0.00151389
     4.59619   0.0139654   0.0138573 7.63889e-05
      4.8319  0.00502831   0.0115691    0.004625
      5.0676  0.00100173  0.00296592  0.00138889
      5.3033           0 0.000461584 0.000326389
       5.539           0 0.000176777    0.000125
     5.77471           0 0.000353553     0.00025
     6.01041           0 0.000333912 0.000236111
     6.24611           0           0           0
     6.48181           0           0           0
     6.71751           0           0           0
     6.95322           0           0           0
    0.117851  0.00406586  0.00523128  0.00270878
    0.353553   0.0983664   0.0584149   0.0172274
    0.589256    0.251337    0.156729   0.0571004
    0.824958    0.322735    0.221789   0.0509196
     1.06066    0.361528    0.278528   0.0476651
     1.29636    0.391698    0.313988   0.0515958
     1.53206      0.3806    0.331194   0.0246905
     1.76777    0.398081    0.404766   0.0100133
     2.00347     0.38172    0.429613   0.0195863
     2.23917    0.348564    0.423289   0.0457105
     2.47487    0.245307    0.406338   0.0858533
     2.71058    0.225056    0.310898   0.0649468
     2.94628    0.220971    0.258932   0.0298796
     3.18198    0.185832    0.207575   0.0167769
     3.41768    0.182807    0.153193   0.0121517
     3.65339   0.0686876   0.0847677   0.0103058
     3.88909   0.0734998   0.0945166   0.0175464
     4.12479   0.0481815   0.0483582  0.00743091
     4.36049   0.0038498   0.0181229  0.00591372
     4.59619   0.0294628   0.0190591  0.00424757
      4.8319   0.0200936   0.0144106  0.00385873
      5.0676 0.000196419  0.00204275  0.00119394
      5.3033           0 0.000307722 0.000251254
       5.539           0 0.000117851  9.6225e-05
     5.77471           0 0.000235702  0.00019245
     6.01041           0 0.000222608 0.000181758
     6.24611           0           0           0
     6.48181           0           0           0
     6.71751           0           0           0
     6.95322           0           0           0
    0.117851   0.0105673  0.00656529   0.0023371
    0.353553   0.0822012   0.0643614    0.013909
    0.589256    0.183259    0.163361   0.0432088
    0.824958    0.383232     0.26215   0.0517706
     1.06066    0.286791    0.280594   0.0357936
     1.29636    0.435067    0.344258   0.0467401
     1.53206      0.3828    0.344096   0.0216275
     1.76777    0.444083    0.414595   0.0113516
     2.00347    0.471012    0.439963   0.0172083
     2.23917    0.403326    0.418298   0.0345543
     2.47487    0.270115    0.372282   0.0708231
     2.71058    0.248096    0.295197   0.0505722
     2.94628    0.209539    0.246584   0.0248305
     3.18198    0.102845    0.181393    0.025932
     3.41768    0.113294    0.143219   0.0125572
     3.65339   0.0503028   0.0761515   0.0107435
     3.88909   0.0325662    0.079029   0.0187904
     4.12479   0.0375552   0.0456575  0.00604408
     4.36049   0.0437621   0.0245327  0.00710534
     4.59619   0.0449798   0.0255393  0.00645314
      4.8319  0.00665859   0.0124726   0.0033455
      5.0676 0.000589256  0.00167938 0.000949143
      5.3033           0 0.000230792 0.000199872
       5.539           0 8.83883e-05 7.65466e-05
     5.77471           0 0.000176777 0.000153093
     6.01041           0 0.000166956 0.000144588
     6.24611           0           0           0
     6.48181           0           0           0
     6.71751           0           0           0
     6.95322           0           0           0
    0.117851  0.00481225  0.00621468  0.00189579
    0.353553   0.0448031   0.0604498   0.0116643
    0.589256    0.149946    0.160678   0.0346502
    0.824958    0.314113    0.272543   0.0424468
     1.06066    0.437562    0.311987   0.0401049
     1.29636    0.555707    0.386548   0.0531876
     1.53206    0.552034    0.385684   0.0410242
     1.76777    0.383861    0.408448   0.0106159
     2.00347     0.43438    0.438846   0.0138028
     2.23917     0.24132    0.382902    0.042029
     2.47487    0.175932    0.333012   0.0666625
     2.71058    0.203607    0.276879   0.0436494
     2.94628    0.263397    0.249947   0.0200908
     3.18198    0.199365    0.184987   0.0209933
     3.41768   0.0866402    0.131903   0.0142602
     3.65339   0.0270468   0.0663305   0.0122895
     3.88909   0.0393623   0.0710957   0.0166229
     4.12479   0.0454513   0.0456162   0.0048354
     4.36049   0.0484761   0.0293214  0.00711731
     4.59619   0.0198383   0.0243991  0.00526228
      4.8319  0.00200347   0.0103788  0.00326656
      5.0676  0.00137493  0.00161849 0.000761265
      5.3033  0.00298556 0.000781746 0.000518081
       5.539  0.00369267 0.000809244 0.000647655
     5.77471  0.00493011  0.00112744 0.000859076
     6.01041           0 0.000133565 0.000119464
     6.24611           0           0           0
     6.48181           0           0           0
     6.71751           0           0           0
     6.95322           0           0           0
    0.117851   0.0109798  0.00700887  0.00173824
    0.353553   0.0478083   0.0583429  0.00990872
    0.589256    0.250375    0.175628   0.0319377
    0.824958    0.364671    0.287897   0.0380483
     1.06066    0.431669    0.331934   0.0380593
     1.29636    0.558575    0.415219   0.0514739
     1.53206    0.571558    0.416663   0.0443677
     1.76777    0.311264    0.392251   0.0172305
     2.00347    0.288342    0.413762    0.025625
     2.23917    0.289246    0.367293   0.0378119
     2.47487    0.241752    0.317802    0.057261
     2.71058    0.193944    0.263057    0.038501
     2.94628    0.129813    0.229924   0.0247867
     3.18198    0.141441    0.177729   0.0187069
     3.41768    0.175146     0.13911   0.0135832
     3.65339    0.103355   0.0725014   0.0116882
     3.88909   0.0450977   0.0667627   0.0144061
     4.12479   0.0690608   0.0495237  0.00538147
     4.36049   0.0100173    0.026104  0.00661845
     4.59619   0.0063836   0.0213965  0.00517138
      4.8319  0.00214096  0.00900579  0.00299681
      5.0676           0  0.00134874 0.000680503
      5.3033           0 0.000651455 0.000447817
       5.539           0  0.00067437 0.000553578
     5.77471           0 0.000939535 0.000736161
     6.01041           0 0.000111304 0.000101606
     6.24611           0           0           0
     6.48181           0           0           0
     6.71751           0           0           0
     6.95322           0           0           0
    0.117851 0.000274986  0.00604689  0.00173582
    0.353553   0.0555275   0.0579407  0.00850135
    0.589256    0.150948    0.172102   0.0275691
    0.824958    0.320202    0.292512   0.0328915
     1.06066    0.396746    0.341193   0.0337297
     1.29636    0.476727    0.424006   0.0448642
     1.53206    0.610862    0.444405   0.0458906
     1.76777    0.455357    0.401266   0.0169642
     2.00347    0.382309    0.409269   0.0223548
     2.23917    0.357403     0.36588   0.0324365
     2.47487    0.218417    0.303604   0.0508105
     2.71058    0.212996    0.255905   0.0336585
     2.94628     0.11789    0.213919   0.0259026
     3.18198    0.142482    0.172694   0.0166984
     3.41768    0.138868    0.139076   0.0116428
     3.65339    0.111782   0.0781129   0.0112854
     3.88909   0.0338429   0.0620598   0.0130932
     4.12479   0.0568828    0.050575  0.00471426
     4.36049  0.00312305    0.022821   0.0064359
     4.59619           0   0.0183399  0.00525894
      4.8319           0  0.00771925  0.00283142
      5.0676           0  0.00115606 0.000609956
      5.3033           0  0.00055839 0.000393395
       5.539           0 0.000578032 0.000482806
     5.77471           0 0.000805316 0.000643114
     6.01041           0 9.54033e-05 8.83263e-05
     6.24611           0           0           0
     6.48181           0           0           0
     6.71751           0           0           0
     6.95322           0           0           0
    0.117851  0.00500867  0.00591711  0.00152368
    0.353553   0.0643467   0.0587414   0.0074763
    0.589256    0.162733    0.170931   0.0241478
    0.824958     0.36306    0.301331   0.0299389
     1.06066    0.386689     0.34688   0.0299891
     1.29636    0.557593    0.440704   0.0422496
     1.53206    0.487629    0.449808   0.0404711
     1.76777    0.427309    0.404522   0.0151528
     2.00347    0.400478     0.40817   0.0195874
     2.23917    0.258723    0.352485   0.0310246
     2.47487     0.39488    0.315014   0.0457223
     2.71058    0.251318    0.255332   0.0294561
     2.94628    0.116928    0.201796   0.0253438
     3.18198    0.110171    0.164879    0.016338
     3.41768    0.143661    0.139649   0.0102016
     3.65339   0.0336072   0.0725496    0.011162
     3.88909   0.0456477   0.0600083   0.0116162
     4.12479   0.0101548   0.0455225  0.00627314
     4.36049    0.022706   0.0228066  0.00563143
     4.59619           0   0.0160474  0.00507671
      4.8319           0  0.00675434  0.00263678
      5.0676           0  0.00101156 0.000550564
      5.3033           0 0.000488591 0.000350358
       5.539           0 0.000505778 0.000427827
     5.77471           0 0.000704652 0.000570549
     6.01041           0 8.34779e-05 7.80864e-05
     6.24611           0           0           0
     6.48181           0           0           0
     6.71751           0           0           0
     6.95322           0           0           0
    0.117851  0.00642289  0.00597331  0.00135542
    0.353553   0.0541919   0.0582359  0.00666266
    0.589256     0.19799    0.173937   0.0216511
    0.824958    0.321537    0.303576   0.0266964
     1.06066    0.452097    0.358571   0.0288458
     1.29636    0.483111    0.445416    0.037817
     1.53206    0.441804    0.448919   0.0359841
     1.76777     0.48372    0.413321   0.0158193
     2.00347    0.482483    0.416427   0.0190721
     2.23917    0.272374    0.343584   0.0288261
     2.47487    0.305922    0.314003   0.0406532
     2.71058    0.228513    0.252352   0.0263335
     2.94628    0.186971    0.200148   0.0225813
     3.18198    0.128379    0.160823   0.0150175
     3.41768   0.0668412    0.131559   0.0118491
     3.65339   0.0429175   0.0692572   0.0103961
     3.88909   0.0484761    0.058727   0.0103959
     4.12479   0.0195829   0.0426403  0.00620299
     4.36049   0.0143975   0.0218723  0.00508264
     4.59619  0.00491046     0.01481  0.00466101
      4.8319           0  0.00600386  0.00244828
      5.0676           0  0.00089916 0.000500731
      5.3033           0 0.000434303 0.000315607
       5.539           0  0.00044958 0.000383964
     5.77471           0 0.000626357 0.000512499
     6.01041           0 7.42026e-05 6.99588e-05
     6.24611           0           0           0
     6.48181           0           0           0
     6.71751           0           0           0
     6.95322           0           0           0
    0.117851 9.82093e-05   0.0053858  0.00134118
    0.353553   0.0265361   0.0550659  0.00670825
    0.589256    0.227492    0.179293   0.0201374
    0.824958    0.257033    0.298922   0.0244291
     1.06066     0.48315    0.371029   0.0285248
     1.29636    0.520823    0.452957    0.034779
     1.53206     0.43326    0.447353   0.0324197
     1.76777    0.494268    0.421416   0.0161764
     2.00347    0.479104    0.422695   0.0181656
     2.23917     0.33562    0.342788   0.0259545
     2.47487    0.290601    0.311663   0.0366551
     2.71058   0.0921596    0.236333    0.028154
     2.94628    0.215726    0.201706   0.0203768
     3.18198    0.220028    0.166744   0.0146364
     3.41768    0.048535    0.123257   0.0132575
     3.65339   0.0257112   0.0649026   0.0102279
     3.88909   0.0186598   0.0547202    0.010099
     4.12479    0.015026   0.0398789   0.0061668
     4.36049    0.049576   0.0246427  0.00527564
     4.59619  0.00923167   0.0142521  0.00422815
      4.8319           0  0.00540347  0.00227588
      5.0676           0 0.000809244  0.00045866
      5.3033           0 0.000390873 0.000287019
       5.539           0 0.000404622  0.00034819
     5.77471           0 0.000563721  0.00046506
     6.01041           0 6.67823e-05 6.33553e-05
     6.24611           0           0           0
     6.48181           0           0           0
     6.71751           0           0           0
     6.95322           0           0           0
    0.117851  0.00365339   0.0052283  0.00122846
    0.353553   0.0991914   0.0590773  0.00719855
    0.589256    0.181569      0.1795   0.0183078
    0.824958    0.485036    0.315841   0.0274491
     1.06066    0.385707    0.372363   0.0259629
     1.29636     0.50344    0.457546   0.0319186
     1.53206     0.41299    0.444229   0.0296226
     1.76777    0.286791    0.409177   0.0187731
     2.00347    0.414679    0.421966   0.0165288
     2.23917    0.356048    0.343993    0.023623
     2.47487    0.305156    0.311072   0.0333276
     2.71058    0.182276    0.231419   0.0260199
     2.94628     0.23256    0.204511   0.0187164
     3.18198    0.215864    0.171209   0.0139704
     3.41768    0.115023    0.122508   0.0120734
     3.65339   0.0159099   0.0604487   0.0102219
     3.88909  0.00367303   0.0500796   0.0101915
     4.12479   0.0159492   0.0377034  0.00597758
     4.36049   0.0235506   0.0245434  0.00479697
     4.59619  0.00273022   0.0132047   0.0039714
      4.8319   0.0008446  0.00498903  0.00210638
      5.0676           0 0.000735677 0.000422822
      5.3033           0 0.000355339 0.000263117
       5.539           0 0.000367838 0.000318473
     5.77471           0 0.000512474 0.000425596
     6.01041           0 6.07112e-05 5.78858e-05
     6.24611           0           0           0
     6.48181           0           0           0
     6.71751           0           0           0
     6.95322           0           0           0
    0.117851  0.00163027  0.00492847  0.00116211
    0.353553    0.116123   0.0638311  0.00801609
    0.589256    0.193472    0.180664   0.0168191
    0.824958    0.409749    0.323667   0.0262535
     1.06066    0.410122     0.37551   0.0239892
     1.29636    0.402756     0.45298   0.0295835
     1.53206    0.429725     0.44302   0.0271787
     1.76777    0.401578    0.408544   0.0172193
     2.00347    0.410692    0.421026   0.0151781
     2.23917    0.339274      0.3436   0.0216577
     2.47487    0.367637    0.315785   0.0308819
     2.71058    0.243657    0.232438   0.0238716
     2.94628    0.174243    0.201989   0.0173258
     3.18198     0.19088    0.172848    0.012902
     3.41768   0.0978361    0.120452    0.011241
     3.65339   0.0277932   0.0577274  0.00972559
     3.88909   0.0194847     0.04753  0.00965585
     4.12479  0.00573542   0.0350394    0.006044
     4.36049 0.000255344   0.0225194  0.00480529
     4.59619           0   0.0121043  0.00378983
      4.8319           0  0.00457328  0.00197145
      5.0676           0  0.00067437 0.000392006
      5.3033           0 0.000325727 0.000242851
       5.539           0 0.000337185 0.000293405
     5.77471           0 0.000469768 0.000392267
     6.01041           0 5.56519e-05 5.32827e-05
     6.24611           0           0           0
     6.48181           0           0           0
     6.71751           0           0           0
     6.95322           0           0           0
    0.117851  0.00394801  0.00485305  0.00107516
    0.353553   0.0868759   0.0656038  0.00759294
    0.589256    0.189014    0.181306   0.0155376
    0.824958    0.343202    0.325169    0.024277
     1.06066    0.393289    0.376877   0.0221828
     1.29636    0.402285    0.449081   0.0275637
     1.53206    0.440017    0.442789    0.025089
     1.76777    0.544688    0.419017   0.0188118
     2.00347    0.380777     0.41793   0.0143229
     2.23917    0.484211    0.354416   0.0225313
     2.47487    0.280662    0.313084   0.0286243
     2.71058    0.277834     0.23593   0.0222892
     2.94628    0.143405    0.197482   0.0165688
     3.18198    0.101273    0.167343   0.0130315
     3.41768   0.0988575    0.118791   0.0104983
     3.65339   0.0566864   0.0576473   0.0089778
     3.88909   0.0140046   0.0449511  0.00925107
     4.12479  0.00161063    0.032468  0.00610162
     4.36049           0   0.0207871   0.0047376
     4.59619           0   0.0111732  0.00361087
      4.8319           0  0.00422149  0.00185092
      5.0676           0 0.000622496 0.000365268
      5.3033           0 0.000300671 0.000225459
       5.539           0 0.000311248  0.00027198
     5.77471           0 0.000433632 0.000363753
     6.01041           0  5.1371e-05 4.93557e-05
     6.24611           0           0           0
     6.48181           0           0           0
     6.71751           0           0           0
     6.95322           0           0           0
    0.117851  0.00595148  0.00493151  0.00100122
    0.353553   0.0484761   0.0643804  0.00714847
    0.589256   0.0869545    0.174567    0.015822
    0.824958    0.179605    0.314772   0.0246692
     1.06066    0.368108    0.376251   0.0206072
     1.29636      0.4519    0.449282   0.0255956
     1.53206    0.468615    0.444634   0.0233647
     1.76777    0.603398    0.432187   0.0215916
     2.00347     0.52373    0.425487    0.015163
     2.23917    0.535398    0.367343   0.0243496
     2.47487    0.287792    0.311277   0.0266366
     2.71058    0.302288     0.24067   0.0211951
     2.94628    0.222346    0.199258   0.0154802
     3.18198    0.104593     0.16286   0.0128483
     3.41768   0.0163224    0.111472   0.0120323
     3.65339   0.0258094   0.0553732  0.00861974
     3.88909   0.0100173   0.0424559  0.00892045
     4.12479  0.00133565   0.0302442  0.00605747
     4.36049           0   0.0193023  0.00462603
     4.59619           0   0.0103751  0.00344002
      4.8319           0  0.00391995   0.0017431
      5.0676           0 0.000578032 0.000341873
      5.3033           0 0.000279195 0.000210375
       5.539           0 0.000289016  0.00025346
     5.77471           0 0.000402658 0.000339087
     6.01041           0 4.77016e-05 4.59665e-05
     6.24611           0           0           0
     6.48181           0           0           0
     6.71751           0           0           0
     6.95322           0           0           0
    0.117851 0.000471405  0.00463417 0.000977628
    0.353553    0.036966   0.0625528  0.00690158
    0.589256   0.0832422    0.168479   0.0158955
    0.824958    0.151498    0.303887   0.0253123
     1.06066    0.353278    0.374719   0.0192902
     1.29636    0.377752    0.444514   0.0243294
     1.53206    0.663247    0.459208   0.0259575
     1.76777     0.58191    0.442168   0.0223405
     2.00347    0.535653    0.432832   0.0158312
     2.23917    0.494405    0.375814   0.0241548
     2.47487    0.364887    0.314851   0.0250995
     2.71058    0.249412    0.241253   0.0197901
     2.94628    0.166347    0.197064   0.0146028
     3.18198    0.124529    0.160305   0.0122433
     3.41768   0.0570596    0.107844   0.0117642
     3.65339   0.0016892   0.0517943  0.00875662
     3.88909 0.000294628   0.0396451  0.00875739
     4.12479           0    0.028228   0.0059798
     4.36049           0   0.0180155  0.00449304
     4.59619           0  0.00968343  0.00327949
      4.8319           0  0.00365862  0.00164637
      5.0676           0 0.000539496 0.000321246
      5.3033           0 0.000260582 0.000197172
       5.539           0 0.000269748 0.000237293
     5.77471           0 0.000375814 0.000317542
     6.01041           0 4.45215e-05 4.30119e-05
     6.24611           0           0           0
     6.48181           0           0           0
     6.71751           0           0           0
     6.95322           0           0           0
    0.117851    0.029286  0.00617491  0.00175087
    0.353553    0.077821    0.063507  0.00653587
    0.589256     0.15794     0.16782   0.0149157
    0.824958    0.245995    0.300269   0.0239875
     1.06066    0.342161    0.372685   0.0181916
     1.29636    0.369719    0.439839   0.0232536
     1.53206    0.529564    0.463605   0.0247048
     1.76777     0.49963     0.44576   0.0212309
     2.00347    0.548322     0.44005   0.0164049
     2.23917    0.432415    0.379352   0.0229027
     2.47487    0.347955     0.31692   0.0236159
     2.71058    0.240456    0.241203   0.0185533
     2.94628    0.155858    0.194489   0.0139154
     3.18198    0.130088    0.158416   0.0116228
     3.41768    0.075464     0.10582   0.0112017
     3.65339   0.0206829   0.0498498  0.00842245
     3.88909  0.00306413   0.0373588  0.00850326
     4.12479   0.0219989   0.0278386  0.00561872
     4.36049    0.010253   0.0175304  0.00423834
     4.59619  0.00396765   0.0093262  0.00309391
      4.8319           0  0.00342996  0.00155927
      5.0676           0 0.000505778 0.000302933
      5.3033           0 0.000244296  0.00018552
       5.539           0 0.000252889 0.000223061
     5.77471           0 0.000352326 0.000298563
     6.01041           0 4.17389e-05 4.04136e-05
     6.24611           0           0           0
     6.48181           0           0           0
     6.71751           0           0           0
     6.95322           0           0           0
    0.117851  0.00516581  0.00611555  0.00164888
    0.353553   0.0289128   0.0614721  0.00646044
    0.589256    0.147059    0.166599   0.0140882
    0.824958    0.301188    0.300323   0.0225765
     1.06066    0.355144    0.371653   0.0171507
     1.29636    0.430628    0.439297    0.021892
     1.53206    0.487648     0.46502    0.023292
     1.76777    0.552388    0.452032    0.020888
     2.00347    0.502714    0.443736   0.0158486
     2.23917    0.463528    0.384303   0.0220843
     2.47487    0.329708    0.317672   0.0222387
     2.71058    0.242164     0.24126    0.017462
     2.94628    0.202625    0.194967   0.0131051
     3.18198   0.0858545    0.154148   0.0116966
     3.41768   0.0624022    0.103266     0.01083
     3.65339   0.0170491   0.0479203  0.00814502
     3.88909  0.00822994   0.0356453  0.00817388
     4.12479 0.000962451   0.0262577  0.00550614
     4.36049   0.0158313   0.0174304   0.0039902
     4.59619  0.00184633  0.00888621  0.00294304
      4.8319  0.00159099  0.00332178  0.00147129
      5.0676           0 0.000476026  0.00028657
      5.3033           0 0.000229925 0.000175163
       5.539           0 0.000238013 0.000210435
     5.77471           0 0.000331601 0.000281719
     6.01041           0 3.92837e-05 3.81108e-05
     6.24611           0           0           0
     6.48181           0           0           0
     6.71751           0           0           0
     6.95322           0           0           0
    0.117851  0.00375159  0.00598422   0.0015625
    0.353553   0.0769175   0.0623302  0.00615825
    0.589256    0.156644    0.166046   0.0133164
    0.824958    0.398455    0.305775   0.0219707
     1.06066    0.264988    0.365727   0.0171912
     1.29636    0.382054    0.436117   0.0209055
     1.53206    0.451841    0.464288   0.0220095
     1.76777    0.611038    0.460866   0.0215145
     2.00347    0.614515    0.453224   0.0175802
     2.23917    0.349448    0.382367   0.0209421
     2.47487    0.243638    0.313559   0.0213802
     2.71058    0.266167    0.242643   0.0165467
     2.94628    0.132052    0.191472   0.0128347
     3.18198    0.126435    0.152608   0.0111477
     3.41768   0.0942023    0.102763   0.0102401
     3.65339   0.0275182   0.0467869  0.00777099
     3.88909   0.0236881   0.0349811  0.00774673
     4.12479   0.0192883   0.0258705  0.00521384
     4.36049           0   0.0164621  0.00388425
     4.59619           0  0.00839253  0.00282064
      4.8319           0  0.00313724  0.00140108
      5.0676           0  0.00044958 0.000271867
      5.3033           0 0.000217152 0.000165897
       5.539           0  0.00022479 0.000199159
     5.77471           0 0.000313178 0.000266669
     6.01041           0 3.71013e-05  3.6056e-05
     6.24611           0           0           0
     6.48181           0           0           0
     6.71751           0           0           0
     6.95322           0           0           0
    0.117851  0.00546044  0.00595665   0.0014805
    0.353553   0.0792156   0.0632189  0.00589791
    0.589256    0.140616    0.164707   0.0126826
    0.824958    0.312423    0.306125   0.0208171
     1.06066    0.316745    0.363149   0.0164785
     1.29636    0.453963    0.437056   0.0198263
     1.53206    0.569044    0.469801   0.0215306
     1.76777    0.457086    0.460667   0.0203831
     2.00347    0.503637    0.455877   0.0168539
     2.23917    0.426287    0.384678   0.0199671
     2.47487    0.380345    0.317074   0.0205418
     2.71058    0.182139    0.239459   0.0159793
     2.94628    0.149808    0.189279   0.0123451
     3.18198    0.126179    0.151217   0.0106474
     3.41768   0.0557829     0.10029  0.00999517
     3.65339   0.0519723   0.0470598  0.00736678
     3.88909   0.0300128   0.0347196  0.00734341
     4.12479   0.0019249   0.0246102  0.00508946
     4.36049           0   0.0155956  0.00377521
     4.59619           0  0.00795082  0.00270655
      4.8319           0  0.00297212  0.00133703
      5.0676           0 0.000425918 0.000258586
      5.3033           0 0.000205723 0.000157558
       5.539           0 0.000212959 0.000189028
     5.77471           0 0.000296695 0.000253143
     6.01041           0 3.51486e-05 3.42111e-05
     6.24611           0           0           0
     6.48181           0           0           0
     6.71751           0           0           0
     6.95322           0           0           0
    0.117851   0.0319769  0.00725767  0.00189372
    0.353553   0.0907454   0.0645952  0.00576136
    0.589256   0.0899204    0.160968   0.0125877
    0.824958    0.223564    0.301996   0.0201814
     1.06066    0.444633    0.367223   0.0161504
     1.29636    0.425835    0.436495   0.0188429
     1.53206    0.559302    0.474276    0.020914
     1.76777    0.468321    0.461049   0.0193675
     2.00347    0.502635    0.458215   0.0161726
     2.23917    0.471974    0.389043   0.0194399
     2.47487    0.277186     0.31508   0.0196113
     2.71058    0.268563    0.240914   0.0152464
     2.94628    0.151419    0.187386   0.0118721
     3.18198    0.127535    0.150033   0.0101807
     3.41768   0.0464726   0.0975994  0.00985097
     3.65339   0.0263987   0.0460268   0.0070705
     3.88909   0.0173045   0.0338488  0.00702768
     4.12479  0.00516581    0.023638  0.00492698
     4.36049  0.00766032   0.0151989  0.00360724
     4.59619  0.00439978  0.00777326  0.00257704
      4.8319  0.00163027  0.00290503  0.00127186
      5.0676           0 0.000404622 0.000246532
      5.3033           0 0.000195436 0.000150016
       5.539           0 0.000202311 0.000179876
     5.77471           0 0.000281861  0.00024092
     6.01041           0 3.33912e-05 3.25457e-05
     6.24611           0           0           0
     6.48181           0           0           0
     6.71751           0           0           0
     6.95322           0           0           0
