#    r:        g(r):       error:
   0.0128248           0           0
   0.0384745           0           0
   0.0641241           0           0
   0.0897737           0           0
    0.115423           0           0
    0.141073           0           0
    0.166723           0           0
    0.192372           0           0
    0.218022           0           0
    0.243672           0           0
    0.269321           0           0
    0.294971           0           0
     0.32062           0           0
     0.34627           0           0
     0.37192           0           0
    0.397569           0           0
    0.423219           0           0
    0.448869           0           0
    0.474518           0           0
    0.500168           0           0
    0.525818           0           0
    0.551467           0           0
    0.577117           0           0
    0.602767           0           0
    0.628416           0           0
    0.654066           0           0
    0.679715           0           0
    0.705365           0           0
    0.731015           0           0
    0.756664           0           0
    0.782314           0           0
    0.807964           0           0
    0.833613           0           0
    0.859263           0           0
    0.884913           0           0
    0.910562  0.00155899           0
    0.936212   0.0234285           0
    0.961861    0.165665           0
    0.987511    0.550754           0
     1.01316     1.18532           0
     1.03881     1.82832           0
     1.06446     2.32985           0
     1.09011     2.55199           0
     1.11576     2.54834           0
     1.14141     2.41618           0
     1.16706     2.20551           0
     1.19271      2.0036           0
     1.21836     1.76153           0
     1.24401     1.58009           0
     1.26966     1.40577           0
     1.29531     1.25327           0
     1.32096     1.12901           0
     1.34661     1.02324           0
     1.37226    0.939706           0
     1.39791    0.871956           0
     1.42355     0.82184           0
      1.4492    0.772045           0
     1.47485    0.729468           0
      1.5005    0.693735           0
     1.52615    0.673793           0
      1.5518    0.668201           0
     1.57745    0.663905           0
      1.6031     0.66379           0
     1.62875    0.661609           0
      1.6544    0.677942           0
     1.68005     0.69833           0
      1.7057    0.733095           0
     1.73135    0.757717           0
       1.757    0.785097           0
     1.78265    0.810149           0
      1.8083    0.848766           0
     1.83395    0.897049           0
      1.8596    0.935783           0
     1.88525    0.984068           0
      1.9109     1.01922           0
     1.93655     1.05346           0
      1.9622     1.09993           0
     1.98785     1.14181           0
      2.0135     1.17348           0
     2.03915     1.19717           0
      2.0648     1.21824           0
     2.09045     1.22873           0
      2.1161     1.22701           0
     2.14174     1.22233           0
     2.16739     1.20166           0
     2.19304     1.18093           0
     2.21869     1.15232           0
     2.24434     1.12335           0
     2.26999     1.08641           0
     2.29564     1.05685           0
     2.32129     1.02358           0
     2.34694    0.994186           0
     2.37259    0.971675           0
     2.39824    0.947201           0
     2.42389    0.930776           0
     2.44954    0.921467           0
     2.47519    0.908219           0
     2.50084    0.899434           0
     2.52649    0.889869           0
     2.55214    0.884364           0
   0.0128248           0           0
   0.0384745           0           0
   0.0641241           0           0
   0.0897737           0           0
    0.115423           0           0
    0.141073           0           0
    0.166723           0           0
    0.192372           0           0
    0.218022           0           0
    0.243672           0           0
    0.269321           0           0
    0.294971           0           0
     0.32062           0           0
     0.34627           0           0
     0.37192           0           0
    0.397569           0           0
    0.423219           0           0
    0.448869           0           0
    0.474518           0           0
    0.500168           0           0
    0.525818           0           0
    0.551467           0           0
    0.577117           0           0
    0.602767           0           0
    0.628416           0           0
    0.654066           0           0
    0.679715           0           0
    0.705365           0           0
    0.731015           0           0
    0.756664           0           0
    0.782314           0           0
    0.807964           0           0
    0.833613           0           0
    0.859263           0           0
    0.884913           0           0
    0.910562  0.00128387 0.000194536
    0.936212   0.0235151 6.12438e-05
    0.961861    0.164252 0.000999364
    0.987511    0.556459   0.0040341
     1.01316     1.18928  0.00279885
     1.03881      1.8472   0.0133565
     1.06446     2.34325  0.00947003
     1.09011     2.53104   0.0148116
     1.11576     2.55307  0.00334375
     1.14141     2.41527 0.000642437
     1.16706     2.20273  0.00196834
     1.19271     1.98975  0.00979603
     1.21836     1.76012   0.0009995
     1.24401     1.56589   0.0100404
     1.26966       1.397   0.0062017
     1.29531     1.25191 0.000960776
     1.32096     1.12793 0.000764209
     1.34661     1.02479  0.00109132
     1.37226    0.937726  0.00140019
     1.39791    0.869134  0.00199553
     1.42355    0.814968  0.00485942
      1.4492    0.766507  0.00391534
     1.47485    0.731751  0.00161395
      1.5005    0.703648  0.00700945
     1.52615    0.682557  0.00619674
      1.5518    0.675316  0.00503089
     1.57745    0.668587  0.00331075
      1.6031    0.671907  0.00573958
     1.62875    0.669762  0.00576487
      1.6544    0.679891  0.00137824
     1.68005    0.701676  0.00236554
      1.7057     0.72758  0.00389956
     1.73135    0.752805  0.00347336
       1.757    0.783037   0.0014569
     1.78265    0.815354  0.00368063
      1.8083    0.855438  0.00471803
     1.83395    0.896714 0.000236827
      1.8596    0.938618   0.0020043
     1.88525    0.982028  0.00144277
      1.9109     1.01853 0.000489358
     1.93655      1.0557  0.00158886
      1.9622     1.10025  0.00022681
     1.98785     1.13661  0.00367979
      2.0135     1.16729  0.00437899
     2.03915      1.1911  0.00429319
      2.0648      1.2116  0.00469574
     2.09045     1.22392  0.00339465
      2.1161     1.22543  0.00111848
     2.14174     1.21674  0.00395502
     2.16739     1.19589  0.00407673
     2.19304      1.1765  0.00313492
     2.21869     1.15108 0.000881651
     2.24434     1.12293 0.000296584
     2.26999     1.08851  0.00148451
     2.29564     1.06226  0.00382374
     2.32129     1.02814  0.00322324
     2.34694     1.00054  0.00449536
     2.37259     0.97246 0.000555467
     2.39824    0.949804  0.00184031
     2.42389     0.93175 0.000688676
     2.44954    0.922619 0.000814632
     2.47519    0.906687   0.0010833
     2.50084    0.903109  0.00259852
     2.52649    0.892682   0.0019893
     2.55214    0.884268 6.76224e-05
   0.0128248           0           0
   0.0384745           0           0
   0.0641241           0           0
   0.0897737           0           0
    0.115423           0           0
    0.141073           0           0
    0.166723           0           0
    0.192372           0           0
    0.218022           0           0
    0.243672           0           0
    0.269321           0           0
    0.294971           0           0
     0.32062           0           0
     0.34627           0           0
     0.37192           0           0
    0.397569           0           0
    0.423219           0           0
    0.448869           0           0
    0.474518           0           0
    0.500168           0           0
    0.525818           0           0
    0.551467           0           0
    0.577117           0           0
    0.602767           0           0
    0.628416           0           0
    0.654066           0           0
    0.679715           0           0
    0.705365           0           0
    0.731015           0           0
    0.756664           0           0
    0.782314           0           0
    0.807964           0           0
    0.833613           0           0
    0.859263           0           0
    0.884913           0           0
    0.910562  0.00143671 0.000179982
    0.936212   0.0244823 0.000790742
    0.961861    0.169516  0.00434944
    0.987511    0.563587  0.00641141
     1.01316     1.20001  0.00895998
     1.03881      1.8584     0.01276
     1.06446     2.33661  0.00832074
     1.09011     2.54034   0.0124543
     1.11576     2.54773   0.0048992
     1.14141     2.40459  0.00872791
     1.16706     2.20363  0.00150411
     1.19271     1.98893  0.00656505
     1.21836     1.75392  0.00510669
     1.24401     1.56041  0.00805274
     1.26966      1.3971  0.00413528
     1.29531     1.24787  0.00336549
     1.32096     1.12342  0.00371914
     1.34661     1.02069  0.00342729
     1.37226    0.935983  0.00170166
     1.39791    0.867151  0.00209563
     1.42355    0.815771  0.00330519
      1.4492    0.765955  0.00264889
     1.47485    0.734517   0.0025023
      1.5005    0.705659   0.0049531
     1.52615     0.68459  0.00445229
      1.5518    0.674461  0.00342592
     1.57745    0.669582  0.00235168
      1.6031    0.673117  0.00395182
     1.62875    0.675898   0.0063144
      1.6544    0.686803  0.00571806
     1.68005    0.708795  0.00602301
      1.7057    0.730419  0.00348309
     1.73135    0.755261  0.00306321
       1.757    0.782023  0.00127637
     1.78265     0.81453   0.0025443
      1.8083    0.854088  0.00333298
     1.83395    0.895515 0.000991447
      1.8596    0.934986  0.00325239
     1.88525    0.980455  0.00160467
      1.9109     1.01369  0.00396613
     1.93655     1.05498  0.00121124
      1.9622     1.10129 0.000861607
     1.98785       1.136  0.00250363
      2.0135     1.16757  0.00292808
     2.03915     1.18626  0.00487967
      2.0648     1.20734  0.00467971
     2.09045     1.21934  0.00437423
      2.1161     1.22207  0.00284246
     2.14174     1.21561  0.00279255
     2.16739      1.1949  0.00283493
     2.19304     1.17504  0.00240808
     2.21869     1.15077   0.0006395
     2.24434      1.1233 0.000361605
     2.26999     1.08999  0.00156446
     2.29564     1.06164   0.0025986
     2.32129     1.02988  0.00257591
     2.34694     1.00377  0.00399197
     2.37259    0.975612  0.00260008
     2.39824    0.954316  0.00388295
     2.42389    0.936869  0.00420511
     2.44954    0.924998  0.00201653
     2.47519    0.909356  0.00229582
     2.50084    0.906727  0.00342471
     2.52649     0.89459  0.00204596
     2.55214    0.883351  0.00075004
   0.0128248           0           0
   0.0384745           0           0
   0.0641241           0           0
   0.0897737           0           0
    0.115423           0           0
    0.141073           0           0
    0.166723           0           0
    0.192372           0           0
    0.218022           0           0
    0.243672           0           0
    0.269321           0           0
    0.294971           0           0
     0.32062           0           0
     0.34627           0           0
     0.37192           0           0
    0.397569           0           0
    0.423219           0           0
    0.448869           0           0
    0.474518           0           0
    0.500168           0           0
    0.525818           0           0
    0.551467           0           0
    0.577117           0           0
    0.602767           0           0
    0.628416           0           0
    0.654066           0           0
    0.679715           0           0
    0.705365           0           0
    0.731015           0           0
    0.756664           0           0
    0.782314           0           0
    0.807964           0           0
    0.833613           0           0
    0.859263           0           0
    0.884913 1.21577e-05 1.05289e-05
    0.910562  0.00151314 0.000150338
    0.936212   0.0244462 0.000593879
    0.961861    0.168297  0.00342857
    0.987511    0.562358  0.00492494
     1.01316     1.20383   0.0074902
     1.03881     1.86148  0.00993637
     1.06446     2.33366  0.00674424
     1.09011     2.54825   0.0115843
     1.11576     2.54133  0.00665224
     1.14141     2.40389  0.00657409
     1.16706     2.20047  0.00296029
     1.19271      1.9829   0.0071749
     1.21836     1.75413  0.00383443
     1.24401     1.56156  0.00612155
     1.26966     1.39772  0.00314827
     1.29531     1.25036  0.00332145
     1.32096     1.12729  0.00436043
     1.34661     1.02567  0.00502191
     1.37226    0.940815  0.00437459
     1.39791    0.871174  0.00382246
     1.42355    0.813494  0.00316755
      1.4492    0.767243   0.0022782
     1.47485    0.734217   0.0018947
      1.5005    0.707342  0.00399034
     1.52615     0.68595  0.00354072
      1.5518    0.675143  0.00263648
     1.57745    0.668874  0.00186702
      1.6031     0.67313  0.00296389
     1.62875    0.675693  0.00473913
      1.6544    0.684104  0.00488425
     1.68005    0.707091   0.0047523
      1.7057    0.728327   0.0031789
     1.73135    0.751068  0.00429709
       1.757    0.780483  0.00164187
     1.78265     0.81463  0.00191018
      1.8083    0.853613  0.00253329
     1.83395    0.894614  0.00107808
      1.8596    0.935927   0.0025719
     1.88525     0.97964  0.00139525
      1.9109     1.01554  0.00337677
     1.93655       1.058  0.00276511
      1.9622     1.10044 0.000977811
     1.98785     1.13497  0.00207932
      2.0135     1.16614  0.00252073
     2.03915     1.18845  0.00412549
      2.0648     1.20666  0.00355937
     2.09045     1.21855  0.00335069
      2.1161     1.22061  0.00247764
     2.14174     1.21354  0.00275962
     2.16739     1.19392  0.00228969
     2.19304     1.17589  0.00195274
     2.21869     1.15013 0.000729044
     2.24434      1.1259  0.00226313
     2.26999     1.09007  0.00117508
     2.29564     1.06326  0.00240473
     2.32129     1.03261  0.00305435
     2.34694     1.00687  0.00401999
     2.37259    0.979594  0.00396133
     2.39824    0.957442  0.00397659
     2.42389    0.941096  0.00483166
     2.44954    0.926816  0.00218363
     2.47519    0.911745   0.0026919
     2.50084    0.906414  0.00258276
     2.52649    0.893447  0.00182605
     2.55214    0.884056 0.000829922
   0.0128248           0           0
   0.0384745           0           0
   0.0641241           0           0
   0.0897737           0           0
    0.115423           0           0
    0.141073           0           0
    0.166723           0           0
    0.192372           0           0
    0.218022           0           0
    0.243672           0           0
    0.269321           0           0
    0.294971           0           0
     0.32062           0           0
     0.34627           0           0
     0.37192           0           0
    0.397569           0           0
    0.423219           0           0
    0.448869           0           0
    0.474518           0           0
    0.500168           0           0
    0.525818           0           0
    0.551467           0           0
    0.577117           0           0
    0.602767           0           0
    0.628416           0           0
    0.654066           0           0
    0.679715           0           0
    0.705365           0           0
    0.731015           0           0
    0.756664           0           0
    0.782314           0           0
    0.807964           0           0
    0.833613           0           0
    0.859263           0           0
    0.884913 9.72615e-06 8.69933e-06
    0.910562  0.00143977 0.000137006
    0.936212   0.0240694  0.00058248
    0.961861    0.168287  0.00274288
    0.987511     0.56124  0.00406481
     1.01316     1.19918  0.00729525
     1.03881     1.85922  0.00820395
     1.06446     2.33615   0.0058383
     1.09011      2.5487  0.00927644
     1.11576     2.54447  0.00601906
     1.14141     2.40549     0.00545
     1.16706     2.20343  0.00355586
     1.19271     1.98486    0.006001
     1.21836      1.7597  0.00585022
     1.24401     1.56067  0.00496154
     1.26966     1.39646  0.00275879
     1.29531     1.24848  0.00314504
     1.32096     1.12722  0.00348899
     1.34661     1.02601   0.0040292
     1.37226    0.941033  0.00350509
     1.39791    0.871666  0.00308946
     1.42355     0.81287  0.00259474
      1.4492    0.768876  0.00233599
     1.47485    0.734915  0.00163944
      1.5005    0.707103  0.00319939
     1.52615    0.685678    0.002843
      1.5518    0.675515  0.00213531
     1.57745    0.668361  0.00156269
      1.6031    0.670947  0.00307133
     1.62875    0.675333  0.00380499
      1.6544    0.684176  0.00390794
     1.68005    0.703961  0.00472116
      1.7057    0.725016   0.0039034
     1.73135    0.748396  0.00418649
       1.757    0.779515  0.00157283
     1.78265    0.813259  0.00195921
      1.8083    0.851928  0.00252606
     1.83395    0.893205  0.00152662
      1.8596    0.932642    0.003587
     1.88525    0.979989  0.00115925
      1.9109     1.01667  0.00288605
     1.93655     1.05916  0.00244346
      1.9622     1.09919  0.00136697
     1.98785     1.13588  0.00185365
      2.0135     1.16609  0.00201713
     2.03915     1.19055  0.00379451
      2.0648     1.20831  0.00320946
     2.09045     1.22155   0.0037915
      2.1161      1.2241  0.00369904
     2.14174     1.21738  0.00408708
     2.16739     1.19746  0.00365783
     2.19304     1.17709  0.00189503
     2.21869     1.15067 0.000756084
     2.24434     1.12562  0.00182812
     2.26999     1.09073  0.00111351
     2.29564     1.06347   0.0019324
     2.32129     1.03343  0.00255224
     2.34694     1.00646  0.00323695
     2.37259    0.979653   0.0031695
     2.39824    0.958406  0.00329601
     2.42389    0.941144  0.00386557
     2.44954    0.924539  0.00268355
     2.47519     0.91139   0.0021769
     2.50084    0.905104  0.00237554
     2.52649    0.892268  0.00180199
     2.55214    0.881842  0.00208899
   0.0128248           0           0
   0.0384745           0           0
   0.0641241           0           0
   0.0897737           0           0
    0.115423           0           0
    0.141073           0           0
    0.166723           0           0
    0.192372           0           0
    0.218022           0           0
    0.243672           0           0
    0.269321           0           0
    0.294971           0           0
     0.32062           0           0
     0.34627           0           0
     0.37192           0           0
    0.397569           0           0
    0.423219           0           0
    0.448869           0           0
    0.474518           0           0
    0.500168           0           0
    0.525818           0           0
    0.551467           0           0
    0.577117           0           0
    0.602767           0           0
    0.628416           0           0
    0.654066           0           0
    0.679715           0           0
    0.705365           0           0
    0.731015           0           0
    0.756664           0           0
    0.782314           0           0
    0.807964           0           0
    0.833613           0           0
    0.859263           0           0
    0.884913 8.10512e-06 7.39893e-06
    0.910562  0.00138322 0.000125301
    0.936212   0.0243018  0.00052974
    0.961861     0.16727  0.00246718
    0.987511    0.562248  0.00351005
     1.01316     1.19745  0.00628043
     1.03881     1.85988  0.00686378
     1.06446     2.33501  0.00497492
     1.09011     2.55208  0.00832096
     1.11576     2.54538  0.00508383
     1.14141     2.40585  0.00455377
     1.16706     2.20645   0.0040472
     1.19271     1.98504  0.00500353
     1.21836     1.75951  0.00487844
     1.24401     1.56503   0.0057348
     1.26966     1.39662  0.00230333
     1.29531     1.24827  0.00262792
     1.32096     1.12569  0.00322563
     1.34661     1.02681  0.00343573
     1.37226    0.942313  0.00314613
     1.39791    0.871231  0.00260496
     1.42355    0.812181  0.00225176
      1.4492       0.769  0.00194992
     1.47485    0.734763  0.00137329
      1.5005     0.70632  0.00276044
     1.52615    0.685353  0.00238765
      1.5518    0.675139  0.00181226
     1.57745    0.666957  0.00182693
      1.6031    0.669788  0.00276958
     1.62875    0.675763  0.00319507
      1.6544    0.684173  0.00325662
     1.68005    0.701179  0.00468261
      1.7057    0.723944  0.00339708
     1.73135    0.745585  0.00433109
       1.757    0.778597  0.00155588
     1.78265    0.813476  0.00164458
      1.8083    0.851952  0.00210517
     1.83395    0.893178  0.00127243
      1.8596    0.933265  0.00304281
     1.88525    0.979816 0.000978926
      1.9109     1.01667  0.00240504
     1.93655     1.06019  0.00224316
      1.9622     1.10093  0.00195589
     1.98785     1.13707  0.00188894
      2.0135     1.16596  0.00168476
     2.03915     1.19267  0.00370608
      2.0648     1.20829  0.00267466
     2.09045     1.22186  0.00317246
      2.1161     1.22307  0.00322242
     2.14174     1.21629  0.00354904
     2.16739       1.197  0.00307757
     2.19304     1.17734  0.00159566
     2.21869     1.15024 0.000740688
     2.24434     1.12432  0.00192968
     2.26999      1.0917  0.00127664
     2.29564     1.06536   0.0023606
     2.32129     1.03449  0.00233552
     2.34694     1.00878  0.00342911
     2.37259      0.9821  0.00345923
     2.39824    0.959033  0.00280561
     2.42389    0.941582  0.00324594
     2.44954    0.925928  0.00257066
     2.47519    0.912668  0.00215678
     2.50084    0.905519   0.0020155
     2.52649    0.891965  0.00152695
     2.55214    0.881431  0.00178066
   0.0128248           0           0
   0.0384745           0           0
   0.0641241           0           0
   0.0897737           0           0
    0.115423           0           0
    0.141073           0           0
    0.166723           0           0
    0.192372           0           0
    0.218022           0           0
    0.243672           0           0
    0.269321           0           0
    0.294971           0           0
     0.32062           0           0
     0.34627           0           0
     0.37192           0           0
    0.397569           0           0
    0.423219           0           0
    0.448869           0           0
    0.474518           0           0
    0.500168           0           0
    0.525818           0           0
    0.551467           0           0
    0.577117           0           0
    0.602767           0           0
    0.628416           0           0
    0.654066           0           0
    0.679715           0           0
    0.705365           0           0
    0.731015           0           0
    0.756664           0           0
    0.782314           0           0
    0.807964           0           0
    0.833613           0           0
    0.859263           0           0
    0.884913 6.94725e-06  6.4319e-06
    0.910562  0.00136248 0.000109104
    0.936212   0.0237316 0.000696311
    0.961861    0.167415  0.00211901
    0.987511    0.561393  0.00311094
     1.01316     1.19602  0.00554322
     1.03881     1.85995  0.00588352
     1.06446     2.33426  0.00432124
     1.09011     2.55371  0.00729112
     1.11576     2.54431  0.00446783
     1.14141     2.40659  0.00396251
     1.16706     2.20542  0.00359922
     1.19271     1.98453  0.00431443
     1.21836     1.75988  0.00419628
     1.24401      1.5668  0.00518315
     1.26966     1.39475  0.00262485
     1.29531     1.24962  0.00257805
     1.32096     1.12658  0.00288613
     1.34661     1.02663  0.00294946
     1.37226     0.94243  0.00269885
     1.39791    0.870504  0.00233215
     1.42355    0.813322  0.00220025
      1.4492    0.769513  0.00173764
     1.47485    0.734756  0.00117712
      1.5005     0.70747  0.00259462
     1.52615    0.685921  0.00211296
      1.5518    0.677053  0.00235638
     1.57745    0.666969  0.00156597
      1.6031    0.668793  0.00254639
     1.62875    0.676685  0.00286862
      1.6544      0.6843  0.00279386
     1.68005    0.700643  0.00404426
      1.7057    0.723083  0.00301888
     1.73135    0.744852  0.00377395
       1.757    0.776989  0.00199833
     1.78265    0.811563  0.00226329
      1.8083    0.850477  0.00226313
     1.83395    0.892697    0.001178
      1.8596    0.933049  0.00261584
     1.88525    0.980217 0.000917638
      1.9109     1.01566  0.00226273
     1.93655     1.06051  0.00194548
      1.9622     1.10112  0.00168523
     1.98785     1.13718  0.00162214
      2.0135      1.1662  0.00146013
     2.03915     1.19384  0.00335763
      2.0648     1.20829  0.00229256
     2.09045     1.22198  0.00272134
      2.1161     1.22334  0.00277327
     2.14174     1.21622  0.00304273
     2.16739     1.19756  0.00268967
     2.19304     1.17733  0.00136773
     2.21869     1.15071 0.000766722
     2.24434      1.1237  0.00175121
     2.26999     1.09147  0.00111311
     2.29564      1.0659  0.00208449
     2.32129     1.03521  0.00210965
     2.34694     1.00907  0.00295136
     2.37259    0.982882  0.00305219
     2.39824    0.960776  0.00289627
     2.42389    0.941983  0.00280696
     2.44954    0.926809  0.00234958
     2.47519    0.913568  0.00202808
     2.50084    0.905836  0.00175236
     2.52649    0.891401  0.00140895
     2.55214    0.880864  0.00161406
   0.0128248           0           0
   0.0384745           0           0
   0.0641241           0           0
   0.0897737           0           0
    0.115423           0           0
    0.141073           0           0
    0.166723           0           0
    0.192372           0           0
    0.218022           0           0
    0.243672           0           0
    0.269321           0           0
    0.294971           0           0
     0.32062           0           0
     0.34627           0           0
     0.37192           0           0
    0.397569           0           0
    0.423219           0           0
    0.448869           0           0
    0.474518           0           0
    0.500168           0           0
    0.525818           0           0
    0.551467           0           0
    0.577117           0           0
    0.602767           0           0
    0.628416           0           0
    0.654066           0           0
    0.679715           0           0
    0.705365           0           0
    0.731015           0           0
    0.756664           0           0
    0.782314           0           0
    0.807964           0           0
    0.833613           0           0
    0.859263           0           0
    0.884913 6.07884e-06 5.68623e-06
    0.910562   0.0013068 0.000108749
    0.936212   0.0238074 0.000613382
    0.961861      0.1661  0.00222483
    0.987511     0.56032  0.00290117
     1.01316     1.19526  0.00490251
     1.03881     1.85613  0.00626581
     1.06446     2.33255  0.00410574
     1.09011     2.55135  0.00675288
     1.11576     2.54592  0.00418834
     1.14141     2.40501  0.00376817
     1.16706     2.20571  0.00316133
     1.19271      1.9856  0.00390456
     1.21836     1.76171  0.00404903
     1.24401     1.56746  0.00457753
     1.26966     1.39625  0.00269379
     1.29531     1.24997  0.00227875
     1.32096     1.12894  0.00335508
     1.34661     1.02828  0.00300829
     1.37226     0.94328  0.00249177
     1.39791    0.872776  0.00294624
     1.42355    0.816032  0.00318267
      1.4492    0.771369  0.00230759
     1.47485    0.734867  0.00103516
      1.5005    0.707643  0.00227607
     1.52615    0.685453  0.00189982
      1.5518    0.677895   0.0022071
     1.57745    0.666716  0.00139042
      1.6031     0.66759  0.00249597
     1.62875    0.675781  0.00264886
      1.6544    0.683522   0.0025506
     1.68005    0.699118  0.00381563
      1.7057    0.722622  0.00267651
     1.73135    0.743144  0.00366806
       1.757    0.774829  0.00267268
     1.78265    0.810033  0.00244362
      1.8083    0.849397  0.00222292
     1.83395    0.890935  0.00194403
      1.8596    0.932503  0.00234507
     1.88525     0.97892  0.00145474
      1.9109      1.0152   0.0020264
     1.93655     1.05924  0.00207665
      1.9622     1.10014  0.00173338
     1.98785     1.13626  0.00165865
      2.0135     1.16661  0.00133457
     2.03915     1.19381  0.00293807
      2.0648     1.20863  0.00203183
     2.09045     1.22067  0.00267739
      2.1161     1.22291  0.00245957
     2.14174     1.21597  0.00267292
     2.16739     1.19869  0.00257915
     2.19304     1.17885  0.00185721
     2.21869     1.15244  0.00175056
     2.24434      1.1246  0.00174992
     2.26999     1.09417  0.00269881
     2.29564     1.06739  0.00229424
     2.32129      1.0377  0.00296986
     2.34694     1.01146  0.00341708
     2.37259    0.984648  0.00314015
     2.39824    0.961668   0.0026681
     2.42389    0.942817  0.00257705
     2.44954     0.92725  0.00209696
     2.47519    0.913808  0.00178865
     2.50084    0.906267   0.0015855
     2.52649    0.891515  0.00123739
     2.55214    0.881582   0.0015636
   0.0128248           0           0
   0.0384745           0           0
   0.0641241           0           0
   0.0897737           0           0
    0.115423           0           0
    0.141073           0           0
    0.166723           0           0
    0.192372           0           0
    0.218022           0           0
    0.243672           0           0
    0.269321           0           0
    0.294971           0           0
     0.32062           0           0
     0.34627           0           0
     0.37192           0           0
    0.397569           0           0
    0.423219           0           0
    0.448869           0           0
    0.474518           0           0
    0.500168           0           0
    0.525818           0           0
    0.551467           0           0
    0.577117           0           0
    0.602767           0           0
    0.628416           0           0
    0.654066           0           0
    0.679715           0           0
    0.705365           0           0
    0.731015           0           0
    0.756664           0           0
    0.782314           0           0
    0.807964           0           0
    0.833613           0           0
    0.859263           0           0
    0.884913 5.40341e-06 5.09439e-06
    0.910562  0.00128387 9.90529e-05
    0.936212   0.0236306 0.000570149
    0.961861    0.165447  0.00207145
    0.987511     0.56021   0.0025809
     1.01316     1.19376  0.00458075
     1.03881     1.85529  0.00562563
     1.06446      2.3293  0.00476261
     1.09011     2.54824  0.00667678
     1.11576     2.54576  0.00372591
     1.14141     2.40764  0.00416646
     1.16706     2.20787  0.00347278
     1.19271     1.98851   0.0044251
     1.21836     1.76247  0.00366926
     1.24401      1.5674  0.00406933
     1.26966     1.39547  0.00250662
     1.29531     1.25035  0.00205774
     1.32096     1.12992  0.00312297
     1.34661     1.02788  0.00270108
     1.37226    0.943798  0.00226814
     1.39791    0.873905  0.00282703
     1.42355    0.816563  0.00287301
      1.4492    0.770651  0.00216011
     1.47485    0.734394  0.00102233
      1.5005    0.706956   0.0021243
     1.52615    0.685398  0.00168953
      1.5518    0.677534  0.00199117
     1.57745    0.667187   0.0013134
      1.6031    0.667684  0.00222041
     1.62875    0.675987  0.00236255
      1.6544    0.684236  0.00236503
     1.68005    0.699599  0.00342186
      1.7057    0.722941  0.00239815
     1.73135    0.744281  0.00343204
       1.757    0.775353  0.00242668
     1.78265     0.81018  0.00217654
      1.8083    0.849903  0.00203273
     1.83395     0.89053  0.00176979
      1.8596    0.933611  0.00233172
     1.88525    0.978056  0.00152851
      1.9109     1.01497  0.00181399
     1.93655      1.0581  0.00213798
      1.9622     1.09892  0.00192419
     1.98785     1.13439   0.0022968
      2.0135     1.16457   0.0022613
     2.03915     1.19193  0.00315338
      2.0648     1.20758  0.00206124
     2.09045     1.22012  0.00243497
      2.1161     1.22224  0.00227659
     2.14174     1.21563  0.00239729
     2.16739     1.19929  0.00236169
     2.19304     1.17912   0.0016703
     2.21869     1.15277   0.0015876
     2.24434     1.12592   0.0019932
     2.26999     1.09529  0.00262139
     2.29564     1.06784  0.00208408
     2.32129      1.0386  0.00277494
     2.34694     1.01173  0.00304783
     2.37259    0.985114  0.00282558
     2.39824    0.963112  0.00273451
     2.42389    0.942788  0.00229087
     2.44954    0.927493  0.00187791
     2.47519    0.914859  0.00187359
     2.50084    0.906503  0.00142677
     2.52649    0.891543  0.00110023
     2.55214    0.881829  0.00140938
   0.0128248           0           0
   0.0384745           0           0
   0.0641241           0           0
   0.0897737           0           0
    0.115423           0           0
    0.141073           0           0
    0.166723           0           0
    0.192372           0           0
    0.218022           0           0
    0.243672           0           0
    0.269321           0           0
    0.294971           0           0
     0.32062           0           0
     0.34627           0           0
     0.37192           0           0
    0.397569           0           0
    0.423219           0           0
    0.448869           0           0
    0.474518           0           0
    0.500168           0           0
    0.525818           0           0
    0.551467           0           0
    0.577117           0           0
    0.602767           0           0
    0.628416           0           0
    0.654066           0           0
    0.679715           0           0
    0.705365           0           0
    0.731015           0           0
    0.756664           0           0
    0.782314           0           0
    0.807964           0           0
    0.833613           0           0
    0.859263           0           0
    0.884913 4.86307e-06 4.61352e-06
    0.910562  0.00129304 8.95712e-05
    0.936212   0.0237663 0.000529034
    0.961861    0.164584  0.00203615
    0.987511    0.561919  0.00283264
     1.01316     1.19493  0.00426939
     1.03881     1.85576  0.00508311
     1.06446     2.33161  0.00481468
     1.09011      2.5473  0.00607547
     1.11576     2.54621  0.00338057
     1.14141     2.40551  0.00425898
     1.16706     2.20783  0.00312581
     1.19271     1.98687  0.00427603
     1.21836     1.76068  0.00371101
     1.24401     1.56759  0.00366694
     1.26966      1.3949  0.00232009
     1.29531     1.24995  0.00189186
     1.32096      1.1298  0.00281327
     1.34661     1.02814  0.00244315
     1.37226    0.943884  0.00204295
     1.39791    0.874698  0.00265317
     1.42355    0.816835  0.00259859
      1.4492     0.77074  0.00194597
     1.47485    0.733211  0.00145148
      1.5005    0.708272  0.00228332
     1.52615    0.685644   0.0015384
      1.5518    0.678256  0.00191867
     1.57745    0.667618  0.00125071
      1.6031    0.667845  0.00200415
     1.62875     0.67628  0.00214444
      1.6544    0.685161  0.00230213
     1.68005    0.700473  0.00318938
      1.7057    0.722599  0.00218259
     1.73135    0.744495  0.00309552
       1.757    0.775023  0.00220635
     1.78265    0.810401  0.00197012
      1.8083    0.849281  0.00192233
     1.83395    0.889314  0.00196667
      1.8596    0.932896   0.0022054
     1.88525    0.977242  0.00157762
      1.9109     1.01455  0.00168153
     1.93655     1.05752   0.0020013
      1.9622     1.09888  0.00173222
     1.98785     1.13395     0.00211
      2.0135     1.16504  0.00208365
     2.03915     1.19234  0.00286401
      2.0648     1.20823  0.00195627
     2.09045     1.22063  0.00224437
      2.1161     1.22255  0.00207062
     2.14174     1.21676  0.00240851
     2.16739     1.19951  0.00213508
     2.19304     1.17921  0.00150563
     2.21869     1.15208  0.00157015
     2.24434     1.12516  0.00193292
     2.26999     1.09472  0.00241916
     2.29564     1.06635  0.00235214
     2.32129     1.03815  0.00253417
     2.34694     1.01134  0.00276755
     2.37259    0.985078  0.00254324
     2.39824    0.963018  0.00246267
     2.42389    0.942128  0.00215493
     2.44954    0.927731  0.00170519
     2.47519    0.914879  0.00168633
     2.50084    0.907386  0.00153296
     2.52649    0.892764  0.00152381
     2.55214    0.882459  0.00140212
   0.0128248           0           0
   0.0384745           0           0
   0.0641241           0           0
   0.0897737           0           0
    0.115423           0           0
    0.141073           0           0
    0.166723           0           0
    0.192372           0           0
    0.218022           0           0
    0.243672           0           0
    0.269321           0           0
    0.294971           0           0
     0.32062           0           0
     0.34627           0           0
     0.37192           0           0
    0.397569           0           0
    0.423219           0           0
    0.448869           0           0
    0.474518           0           0
    0.500168           0           0
    0.525818           0           0
    0.551467           0           0
    0.577117           0           0
    0.602767           0           0
    0.628416           0           0
    0.654066           0           0
    0.679715           0           0
    0.705365           0           0
    0.731015           0           0
    0.756664           0           0
    0.782314           0           0
    0.807964           0           0
    0.833613           0           0
    0.859263           0           0
    0.884913 4.42098e-06 4.21523e-06
    0.910562  0.00133806 9.20491e-05
    0.936212    0.023708 0.000484138
    0.961861     0.16457  0.00185109
    0.987511    0.561246  0.00265383
     1.01316     1.19517  0.00388767
     1.03881      1.8573  0.00484778
     1.06446     2.33296  0.00456306
     1.09011     2.54867  0.00567511
     1.11576     2.54572  0.00310939
     1.14141     2.40764  0.00437264
     1.16706     2.20613  0.00327096
     1.19271     1.98753  0.00393842
     1.21836     1.76059  0.00337491
     1.24401     1.56698  0.00338467
     1.26966     1.39364  0.00242647
     1.29531     1.24915  0.00187795
     1.32096       1.128  0.00307629
     1.34661     1.02699  0.00247378
     1.37226    0.942961  0.00205538
     1.39791    0.873059  0.00287425
     1.42355    0.816508   0.0023828
      1.4492    0.771291  0.00184522
     1.47485    0.732881  0.00135638
      1.5005     0.70811  0.00208145
     1.52615    0.685694  0.00139933
      1.5518    0.678147  0.00174737
     1.57745    0.668678  0.00152129
      1.6031    0.667934  0.00182394
     1.62875    0.676551  0.00196648
      1.6544    0.685923  0.00221554
     1.68005     0.70109   0.0029586
      1.7057    0.723166  0.00205643
     1.73135    0.745622  0.00301223
       1.757    0.775537  0.00206478
     1.78265     0.81076  0.00182339
      1.8083     0.84957  0.00176917
     1.83395    0.889652  0.00181683
      1.8596    0.933295  0.00204056
     1.88525    0.977198  0.00143481
      1.9109     1.01462  0.00153019
     1.93655     1.05749  0.00181959
      1.9622     1.09789  0.00183758
     1.98785     1.13314  0.00206725
      2.0135     1.16544  0.00193291
     2.03915     1.19275  0.00263293
      2.0648     1.20821  0.00177851
     2.09045     1.22044  0.00204838
      2.1161     1.22244  0.00188569
     2.14174     1.21526  0.00261298
     2.16739     1.19963  0.00194439
     2.19304     1.17833  0.00160515
     2.21869      1.1519  0.00143872
     2.24434     1.12511  0.00175783
     2.26999      1.0947  0.00219938
     2.29564     1.06606   0.0021563
     2.32129      1.0376  0.00236372
     2.34694     1.01118  0.00252061
     2.37259    0.985406  0.00233314
     2.39824    0.963686   0.0023277
     2.42389    0.942284  0.00196466
     2.44954    0.927523  0.00156284
     2.47519    0.914745  0.00153832
     2.50084    0.907956  0.00149611
     2.52649    0.893109  0.00142378
     2.55214    0.882756  0.00130561
   0.0128248           0           0
   0.0384745           0           0
   0.0641241           0           0
   0.0897737           0           0
    0.115423           0           0
    0.141073           0           0
    0.166723           0           0
    0.192372           0           0
    0.218022           0           0
    0.243672           0           0
    0.269321           0           0
    0.294971           0           0
     0.32062           0           0
     0.34627           0           0
     0.37192           0           0
    0.397569           0           0
    0.423219           0           0
    0.448869           0           0
    0.474518           0           0
    0.500168           0           0
    0.525818           0           0
    0.551467           0           0
    0.577117           0           0
    0.602767           0           0
    0.628416           0           0
    0.654066           0           0
    0.679715           0           0
    0.705365           0           0
    0.731015           0           0
    0.756664           0           0
    0.782314           0           0
    0.807964           0           0
    0.833613           0           0
    0.859263           0           0
    0.884913 4.05256e-06 3.88003e-06
    0.910562  0.00131062 8.83743e-05
    0.936212   0.0236992 0.000443875
    0.961861    0.164702  0.00170155
    0.987511    0.560611  0.00250752
     1.01316     1.19479  0.00358181
     1.03881     1.85594  0.00463149
     1.06446     2.33282  0.00418495
     1.09011      2.5511  0.00569826
     1.11576     2.54759  0.00336627
     1.14141     2.40948  0.00437773
     1.16706     2.20505  0.00317255
     1.19271     1.98714  0.00362988
     1.21836     1.76008  0.00313072
     1.24401     1.56626  0.00317778
     1.26966     1.39353  0.00222688
     1.29531     1.24774  0.00219037
     1.32096     1.12679  0.00305015
     1.34661     1.02607   0.0024349
     1.37226    0.942486  0.00193802
     1.39791    0.873242  0.00264055
     1.42355    0.817825  0.00252214
      1.4492    0.772192  0.00189895
     1.47485    0.733432  0.00135044
      1.5005    0.709046  0.00210784
     1.52615    0.686501  0.00149784
      1.5518    0.678284  0.00160715
     1.57745    0.668538  0.00140099
      1.6031    0.668724  0.00183501
     1.62875    0.676257  0.00182443
      1.6544    0.685825  0.00203307
     1.68005    0.700666  0.00274234
      1.7057    0.721874  0.00225459
     1.73135    0.745215  0.00278861
       1.757    0.775946  0.00193267
     1.78265    0.810118  0.00178095
      1.8083    0.849049  0.00169669
     1.83395    0.888873  0.00182487
      1.8596    0.933381  0.00187234
     1.88525     0.97684   0.0013591
      1.9109     1.01381  0.00160168
     1.93655     1.05757  0.00167016
      1.9622     1.09799  0.00168736
     1.98785     1.13242  0.00201505
      2.0135     1.16548  0.00177228
     2.03915     1.19292  0.00241902
      2.0648     1.20832  0.00163362
     2.09045     1.22162  0.00218719
      2.1161     1.22362  0.00206504
     2.14174     1.21571   0.0024335
     2.16739     1.20006  0.00182943
     2.19304     1.17861  0.00149496
     2.21869     1.15218  0.00134652
     2.24434     1.12546  0.00164532
     2.26999      1.0947  0.00201611
     2.29564      1.0663  0.00199053
     2.32129     1.03797  0.00219606
     2.34694      1.0115  0.00233091
     2.37259    0.985488  0.00214014
     2.39824    0.963131  0.00219893
     2.42389    0.942448  0.00180779
     2.44954    0.927223    0.001461
     2.47519    0.914698  0.00141083
     2.50084    0.907673    0.001398
     2.52649    0.892488  0.00143425
     2.55214    0.882153  0.00132854
   0.0128248           0           0
   0.0384745           0           0
   0.0641241           0           0
   0.0897737           0           0
    0.115423           0           0
    0.141073           0           0
    0.166723           0           0
    0.192372           0           0
    0.218022           0           0
    0.243672           0           0
    0.269321           0           0
    0.294971           0           0
     0.32062           0           0
     0.34627           0           0
     0.37192           0           0
    0.397569           0           0
    0.423219           0           0
    0.448869           0           0
    0.474518           0           0
    0.500168           0           0
    0.525818           0           0
    0.551467           0           0
    0.577117           0           0
    0.602767           0           0
    0.628416           0           0
    0.654066           0           0
    0.679715           0           0
    0.705365           0           0
    0.731015           0           0
    0.756664           0           0
    0.782314           0           0
    0.807964           0           0
    0.833613           0           0
    0.859263           0           0
    0.884913 3.74083e-06 3.59407e-06
    0.910562  0.00130504 8.17525e-05
    0.936212   0.0235617 0.000430475
    0.961861    0.164442   0.0015904
    0.987511    0.559958  0.00239835
     1.01316     1.19368  0.00347515
     1.03881      1.8545   0.0044939
     1.06446     2.33264    0.003867
     1.09011     2.54994  0.00537576
     1.11576     2.54778  0.00311271
     1.14141     2.40917  0.00405211
     1.16706     2.20424  0.00302967
     1.19271     1.98676  0.00336987
     1.21836      1.7612  0.00308411
     1.24401     1.56683  0.00298315
     1.26966     1.39415  0.00214265
     1.29531     1.24903  0.00237112
     1.32096     1.12769  0.00294634
     1.34661     1.02762  0.00269671
     1.37226     0.94361  0.00208937
     1.39791    0.874017  0.00254871
     1.42355    0.817703  0.00233109
      1.4492    0.772411  0.00176545
     1.47485    0.734113  0.00140804
      1.5005    0.708775  0.00196306
     1.52615    0.686352  0.00139006
      1.5518    0.678136  0.00149034
     1.57745    0.668194  0.00133472
      1.6031    0.667759  0.00193077
     1.62875    0.675691  0.00176962
      1.6544    0.684827   0.0021074
     1.68005    0.700608    0.002532
      1.7057    0.722032  0.00208666
     1.73135    0.745613  0.00260245
       1.757    0.775746  0.00179432
     1.78265    0.809877  0.00166018
      1.8083    0.849194  0.00157237
     1.83395    0.889035  0.00169165
      1.8596    0.933204   0.0017367
     1.88525    0.976813  0.00125482
      1.9109     1.01283  0.00175376
     1.93655     1.05696  0.00165151
      1.9622     1.09691  0.00187226
     1.98785     1.13152  0.00205253
      2.0135     1.16458  0.00184977
     2.03915     1.19227  0.00231853
      2.0648     1.20814  0.00151839
     2.09045      1.2219  0.00203703
      2.1161     1.22314  0.00195961
     2.14174     1.21563  0.00224753
     2.16739     1.20035  0.00171245
     2.19304     1.17952  0.00163324
     2.21869     1.15318  0.00157263
     2.24434     1.12614  0.00165375
     2.26999     1.09598  0.00223024
     2.29564     1.06801  0.00246527
     2.32129     1.03856  0.00210495
     2.34694     1.01243  0.00232799
     2.37259     0.98653  0.00221452
     2.39824    0.964108  0.00223623
     2.42389    0.943224  0.00182762
     2.44954    0.927351  0.00135416
     2.47519    0.914961   0.0013266
     2.50084    0.906979  0.00145263
     2.52649    0.892347  0.00133074
     2.55214    0.881671  0.00131104
   0.0128248           0           0
   0.0384745           0           0
   0.0641241           0           0
   0.0897737           0           0
    0.115423           0           0
    0.141073           0           0
    0.166723           0           0
    0.192372           0           0
    0.218022           0           0
    0.243672           0           0
    0.269321           0           0
    0.294971           0           0
     0.32062           0           0
     0.34627           0           0
     0.37192           0           0
    0.397569           0           0
    0.423219           0           0
    0.448869           0           0
    0.474518           0           0
    0.500168           0           0
    0.525818           0           0
    0.551467           0           0
    0.577117           0           0
    0.602767           0           0
    0.628416           0           0
    0.654066           0           0
    0.679715           0           0
    0.705365           0           0
    0.731015           0           0
    0.756664           0           0
    0.782314           0           0
    0.807964           0           0
    0.833613           0           0
    0.859263           0           0
    0.884913 3.47362e-06 3.34727e-06
    0.910562   0.0013199 7.72525e-05
    0.936212   0.0235708 0.000399822
    0.961861    0.164547  0.00148025
    0.987511    0.560451  0.00227715
     1.01316      1.1937  0.00322705
     1.03881     1.85458  0.00417365
     1.06446     2.33247  0.00359444
     1.09011     2.54957  0.00500434
     1.11576     2.54993  0.00355563
     1.14141     2.40886  0.00377398
     1.16706     2.20361  0.00287756
     1.19271     1.98489   0.0036138
     1.21836     1.76048  0.00294734
     1.24401     1.56632  0.00281347
     1.26966     1.39476    0.002073
     1.29531     1.24908  0.00220236
     1.32096     1.12803  0.00275462
     1.34661     1.02768  0.00250478
     1.37226    0.942819  0.00208444
     1.39791    0.873125    0.002518
     1.42355    0.817224  0.00221323
      1.4492     0.77298  0.00172851
     1.47485    0.733866  0.00132905
      1.5005    0.708241  0.00189414
     1.52615    0.686024  0.00132878
      1.5518     0.67752  0.00150582
     1.57745      0.6683  0.00124358
      1.6031    0.667615  0.00179824
     1.62875    0.676022  0.00167379
      1.6544    0.684972  0.00196181
     1.68005    0.701134  0.00240517
      1.7057    0.722759  0.00206053
     1.73135    0.746293  0.00250368
       1.757    0.776376  0.00177342
     1.78265    0.810252  0.00158339
      1.8083    0.850174  0.00173878
     1.83395    0.890276  0.00197404
      1.8596    0.933759  0.00169897
     1.88525    0.976692  0.00117102
      1.9109     1.01354  0.00176718
     1.93655     1.05649  0.00159883
      1.9622     1.09617  0.00187964
     1.98785     1.13119  0.00193268
      2.0135     1.16362  0.00195228
     2.03915     1.19167  0.00222869
      2.0648     1.20822  0.00141212
     2.09045     1.22152  0.00192629
      2.1161     1.22242  0.00194984
     2.14174     1.21522  0.00212423
     2.16739     1.20048  0.00159497
     2.19304     1.17942  0.00151969
     2.21869     1.15341    0.001476
     2.24434     1.12589  0.00155532
     2.26999     1.09572  0.00208622
     2.29564     1.06865  0.00236945
     2.32129     1.03908  0.00201711
     2.34694     1.01232  0.00216401
     2.37259    0.986152  0.00208835
     2.39824    0.964168  0.00207732
     2.42389    0.943247  0.00169723
     2.44954    0.927123  0.00127652
     2.47519     0.91507  0.00123625
     2.50084    0.906249   0.0015212
     2.52649    0.892286   0.0012371
     2.55214    0.881435  0.00123844
   0.0128248           0           0
   0.0384745           0           0
   0.0641241           0           0
   0.0897737           0           0
    0.115423           0           0
    0.141073           0           0
    0.166723           0           0
    0.192372           0           0
    0.218022           0           0
    0.243672           0           0
    0.269321           0           0
    0.294971           0           0
     0.32062           0           0
     0.34627           0           0
     0.37192           0           0
    0.397569           0           0
    0.423219           0           0
    0.448869           0           0
    0.474518           0           0
    0.500168           0           0
    0.525818           0           0
    0.551467           0           0
    0.577117           0           0
    0.602767           0           0
    0.628416           0           0
    0.654066           0           0
    0.679715           0           0
    0.705365           0           0
    0.731015           0           0
    0.756664           0           0
    0.782314           0           0
    0.807964           0           0
    0.833613           0           0
    0.859263           0           0
    0.884913 3.24205e-06 3.13212e-06
    0.910562  0.00133584 7.37284e-05
    0.936212   0.0235757 0.000373198
    0.961861    0.164398  0.00138909
    0.987511    0.560324  0.00212885
     1.01316     1.19428  0.00306269
     1.03881      1.8547  0.00389711
     1.06446     2.33217  0.00336758
     1.09011     2.54902  0.00470097
     1.11576     2.54998  0.00331893
     1.14141     2.40904  0.00352657
     1.16706     2.20384  0.00269457
     1.19271     1.98468  0.00337893
     1.21836     1.75927  0.00298975
     1.24401      1.5667  0.00265119
     1.26966     1.39513  0.00196733
     1.29531     1.24864  0.00209948
     1.32096     1.12766  0.00259505
     1.34661     1.02831  0.00241682
     1.37226    0.942584  0.00195871
     1.39791    0.873347   0.0023599
     1.42355    0.817391  0.00207196
      1.4492    0.773092  0.00161693
     1.47485     0.73504  0.00168065
      1.5005    0.708971  0.00190332
     1.52615    0.686328   0.0012743
      1.5518    0.678028  0.00148875
     1.57745    0.668588  0.00119368
      1.6031    0.667285  0.00170838
     1.62875    0.676036  0.00156227
      1.6544    0.684971  0.00183102
     1.68005    0.700799    0.002268
      1.7057    0.722534  0.00193544
     1.73135    0.746527  0.00234769
       1.757    0.776476    0.001658
     1.78265    0.810175  0.00147972
      1.8083    0.850352  0.00163195
     1.83395    0.890119  0.00184865
      1.8596    0.933203  0.00167403
     1.88525    0.976691  0.00109296
      1.9109     1.01363  0.00165148
     1.93655      1.0561  0.00153777
      1.9622     1.09548  0.00187689
     1.98785     1.13109  0.00180622
      2.0135     1.16267  0.00203903
     2.03915     1.19131  0.00211012
      2.0648     1.20786  0.00136268
     2.09045     1.22061  0.00200079
      2.1161     1.22191  0.00188512
     2.14174     1.21468  0.00205091
     2.16739     1.20043  0.00148938
     2.19304     1.17888  0.00150869
     2.21869     1.15377  0.00142293
     2.24434     1.12632  0.00151087
     2.26999     1.09634  0.00203684
     2.29564      1.0689  0.00222526
     2.32129     1.03943  0.00191426
     2.34694     1.01276   0.0020641
     2.37259    0.987255  0.00222146
     2.39824    0.965271  0.00221244
     2.42389     0.94382  0.00167785
     2.44954    0.927687  0.00131033
     2.47519    0.915749  0.00132753
     2.50084    0.906825  0.00152495
     2.52649    0.892502  0.00117338
     2.55214    0.881893  0.00123761
   0.0128248           0           0
   0.0384745           0           0
   0.0641241           0           0
   0.0897737           0           0
    0.115423           0           0
    0.141073           0           0
    0.166723           0           0
    0.192372           0           0
    0.218022           0           0
    0.243672           0           0
    0.269321           0           0
    0.294971           0           0
     0.32062           0           0
     0.34627           0           0
     0.37192           0           0
    0.397569           0           0
    0.423219           0           0
    0.448869           0           0
    0.474518           0           0
    0.500168           0           0
    0.525818           0           0
    0.551467           0           0
    0.577117           0           0
    0.602767           0           0
    0.628416           0           0
    0.654066           0           0
    0.679715           0           0
    0.705365           0           0
    0.731015           0           0
    0.756664           0           0
    0.782314           0           0
    0.807964           0           0
    0.833613           0           0
    0.859263           0           0
    0.884913 3.03942e-06 2.94291e-06
    0.910562  0.00129534 7.94707e-05
    0.936212   0.0234664 0.000365541
    0.961861    0.163983  0.00136284
    0.987511    0.558916  0.00241715
     1.01316     1.19387  0.00289805
     1.03881     1.85472  0.00365361
     1.06446     2.33247  0.00317065
     1.09011      2.5495  0.00443123
     1.11576     2.55181  0.00358237
     1.14141     2.41115  0.00388631
     1.16706     2.20622  0.00342279
     1.19271     1.98478  0.00316929
     1.21836      1.7593  0.00280305
     1.24401     1.56621  0.00253012
     1.26966     1.39429  0.00201473
     1.29531     1.24817  0.00202122
     1.32096     1.12672  0.00259846
     1.34661     1.02774  0.00233236
     1.37226    0.941373  0.00217861
     1.39791    0.873093  0.00222601
     1.42355    0.816807   0.0020232
      1.4492     0.77271  0.00156039
     1.47485    0.735123  0.00157768
      1.5005    0.708849  0.00178825
     1.52615    0.686461  0.00120164
      1.5518    0.677812  0.00141132
     1.57745     0.66851  0.00112165
      1.6031     0.66713  0.00160865
     1.62875    0.676062  0.00146484
      1.6544     0.68464  0.00174609
     1.68005    0.700743  0.00212696
      1.7057    0.722328  0.00182538
     1.73135    0.746448  0.00220229
       1.757    0.776782  0.00158237
     1.78265    0.810432  0.00140941
      1.8083    0.850755  0.00157875
     1.83395    0.890347   0.0017471
      1.8596    0.933715  0.00164572
     1.88525      0.9771  0.00109857
      1.9109     1.01464  0.00183036
     1.93655     1.05682  0.00159961
      1.9622     1.09572  0.00177573
     1.98785     1.13136  0.00171318
      2.0135     1.16287  0.00192096
     2.03915     1.19122  0.00198003
      2.0648     1.20818  0.00131347
     2.09045     1.22047   0.0018804
      2.1161     1.22169  0.00178003
     2.14174     1.21455  0.00192663
     2.16739     1.20093  0.00147663
     2.19304     1.17899  0.00141796
     2.21869     1.15413  0.00137687
     2.24434     1.12609  0.00143366
     2.26999      1.0957  0.00200855
     2.29564     1.06813  0.00221753
     2.32129     1.03898  0.00184895
     2.34694     1.01191   0.0021031
     2.37259    0.986371  0.00225155
     2.39824    0.964857  0.00211264
     2.42389    0.943781  0.00157342
     2.44954    0.927452   0.0012493
     2.47519    0.915438  0.00128053
     2.50084    0.906647  0.00144004
     2.52649    0.892371  0.00110731
     2.55214    0.882076   0.0011738
   0.0128248           0           0
   0.0384745           0           0
   0.0641241           0           0
   0.0897737           0           0
    0.115423           0           0
    0.141073           0           0
    0.166723           0           0
    0.192372           0           0
    0.218022           0           0
    0.243672           0           0
    0.269321           0           0
    0.294971           0           0
     0.32062           0           0
     0.34627           0           0
     0.37192           0           0
    0.397569           0           0
    0.423219           0           0
    0.448869           0           0
    0.474518           0           0
    0.500168           0           0
    0.525818           0           0
    0.551467           0           0
    0.577117           0           0
    0.602767           0           0
    0.628416           0           0
    0.654066           0           0
    0.679715           0           0
    0.705365           0           0
    0.731015           0           0
    0.756664           0           0
    0.782314           0           0
    0.807964           0           0
    0.833613           0           0
    0.859263           0           0
    0.884913 2.86063e-06 2.77522e-06
    0.910562   0.0012569 8.35752e-05
    0.936212   0.0234565 0.000344172
    0.961861    0.163961  0.00128284
    0.987511    0.558479  0.00231408
     1.01316      1.1935   0.0027518
     1.03881     1.85472   0.0034387
     1.06446     2.33209  0.00300695
     1.09011     2.54941  0.00417153
     1.11576      2.5523  0.00340513
     1.14141     2.41117  0.00365777
     1.16706     2.20662  0.00324408
     1.19271     1.98417  0.00304002
     1.21836     1.75932  0.00263821
     1.24401     1.56778  0.00283019
     1.26966     1.39405  0.00191071
     1.29531     1.24831  0.00190721
     1.32096      1.1269  0.00245186
     1.34661     1.02773  0.00219521
     1.37226    0.941354  0.00205054
     1.39791    0.874045  0.00228945
     1.42355    0.817375  0.00198244
      1.4492     0.77273  0.00146874
     1.47485    0.735568   0.0015463
      1.5005    0.708635  0.00169584
     1.52615     0.68584  0.00128156
      1.5518    0.677307  0.00141562
     1.57745    0.667957   0.0011843
      1.6031    0.666609  0.00159607
     1.62875    0.675691  0.00142488
      1.6544    0.684053  0.00173941
     1.68005      0.7001  0.00209671
      1.7057    0.721383  0.00194762
     1.73135    0.746568    0.002076
       1.757    0.776676   0.0014928
     1.78265    0.810416  0.00132659
      1.8083    0.851245  0.00156003
     1.83395    0.890218  0.00164904
      1.8596    0.934053  0.00158331
     1.88525    0.976874  0.00105705
      1.9109     1.01527  0.00182963
     1.93655     1.05681  0.00150558
      1.9622     1.09533  0.00171309
     1.98785     1.13079  0.00170477
      2.0135      1.1628  0.00180909
     2.03915     1.19148  0.00188135
      2.0648     1.20813  0.00123688
     2.09045      1.2202  0.00178995
      2.1161     1.22179  0.00167817
     2.14174     1.21478   0.0018269
     2.16739     1.20136  0.00145063
     2.19304     1.17951   0.0014266
     2.21869     1.15414  0.00129598
     2.24434     1.12704  0.00163464
     2.26999     1.09662  0.00209391
     2.29564     1.06896  0.00224001
     2.32129     1.03978  0.00190548
     2.34694     1.01221  0.00200039
     2.37259    0.986686  0.00214093
     2.39824    0.964827  0.00198858
     2.42389    0.943517  0.00150293
     2.44954     0.92746  0.00117583
     2.47519    0.914763  0.00137175
     2.50084    0.906599  0.00135613
     2.52649     0.89202  0.00109646
     2.55214    0.881324  0.00132404
   0.0128248           0           0
   0.0384745           0           0
   0.0641241           0           0
   0.0897737           0           0
    0.115423           0           0
    0.141073           0           0
    0.166723           0           0
    0.192372           0           0
    0.218022           0           0
    0.243672           0           0
    0.269321           0           0
    0.294971           0           0
     0.32062           0           0
     0.34627           0           0
     0.37192           0           0
    0.397569           0           0
    0.423219           0           0
    0.448869           0           0
    0.474518           0           0
    0.500168           0           0
    0.525818           0           0
    0.551467           0           0
    0.577117           0           0
    0.602767           0           0
    0.628416           0           0
    0.654066           0           0
    0.679715           0           0
    0.705365           0           0
    0.731015           0           0
    0.756664           0           0
    0.782314           0           0
    0.807964           0           0
    0.833613           0           0
    0.859263           0           0
    0.884913 2.70171e-06 2.62559e-06
    0.910562  0.00126349 7.91918e-05
    0.936212   0.0236643 0.000382652
    0.961861    0.163576  0.00126819
    0.987511     0.55866  0.00219259
     1.01316      1.1929  0.00266304
     1.03881     1.85502   0.0032605
     1.06446     2.33155  0.00288802
     1.09011     2.54753  0.00434116
     1.11576     2.55148   0.0033146
     1.14141     2.41023  0.00357488
     1.16706     2.20625  0.00308478
     1.19271     1.98398  0.00287709
     1.21836     1.75984  0.00254292
     1.24401     1.56824  0.00270912
     1.26966     1.39418  0.00180891
     1.29531     1.24847  0.00180834
     1.32096     1.12732  0.00235166
     1.34661     1.02845  0.00218899
     1.37226    0.942681  0.00232642
     1.39791    0.874449  0.00219763
     1.42355    0.817955  0.00195527
      1.4492      0.7734  0.00153222
     1.47485    0.736405  0.00167166
      1.5005    0.709762  0.00194057
     1.52615    0.686581  0.00140853
      1.5518    0.677872  0.00144523
     1.57745    0.667919  0.00111911
      1.6031    0.666438  0.00151654
     1.62875    0.675176   0.0014356
      1.6544    0.683959  0.00164534
     1.68005    0.699492  0.00206643
      1.7057    0.720211  0.00216352
     1.73135     0.74616  0.00200044
       1.757    0.776273  0.00146333
     1.78265    0.809562  0.00150334
      1.8083    0.850881  0.00151502
     1.83395    0.889906  0.00158673
      1.8596    0.933617  0.00155419
     1.88525    0.976207  0.00119027
      1.9109     1.01463   0.0018357
     1.93655     1.05645  0.00146279
      1.9622     1.09469  0.00173573
     1.98785     1.13089    0.001613
      2.0135     1.16251   0.0017329
     2.03915     1.19158  0.00177939
      2.0648     1.20813  0.00116816
     2.09045     1.22066  0.00175006
      2.1161     1.22235  0.00167497
     2.14174     1.21497  0.00173509
     2.16739     1.20178  0.00143152
     2.19304     1.18005  0.00144821
     2.21869     1.15442  0.00125352
     2.24434     1.12723  0.00155425
     2.26999     1.09695  0.00200349
     2.29564     1.06924  0.00213205
     2.32129     1.03999  0.00181171
     2.34694     1.01255  0.00191732
     2.37259    0.986916  0.00203432
     2.39824    0.965242  0.00192098
     2.42389    0.943883  0.00146323
     2.44954    0.927496  0.00111106
     2.47519     0.91478  0.00129566
     2.50084     0.90654  0.00128206
     2.52649    0.892246  0.00105844
     2.55214    0.881456  0.00125705
   0.0128248           0           0
   0.0384745           0           0
   0.0641241           0           0
   0.0897737           0           0
    0.115423           0           0
    0.141073           0           0
    0.166723           0           0
    0.192372           0           0
    0.218022           0           0
    0.243672           0           0
    0.269321           0           0
    0.294971           0           0
     0.32062           0           0
     0.34627           0           0
     0.37192           0           0
    0.397569           0           0
    0.423219           0           0
    0.448869           0           0
    0.474518           0           0
    0.500168           0           0
    0.525818           0           0
    0.551467           0           0
    0.577117           0           0
    0.602767           0           0
    0.628416           0           0
    0.654066           0           0
    0.679715           0           0
    0.705365           0           0
    0.731015           0           0
    0.756664           0           0
    0.782314           0           0
    0.807964           0           0
    0.833613           0           0
    0.859263           0           0
    0.884913 2.55951e-06 2.49125e-06
    0.910562  0.00125009 7.61502e-05
    0.936212   0.0236131 0.000365916
    0.961861    0.163168  0.00126522
    0.987511    0.557884  0.00221013
     1.01316     1.19269  0.00253093
     1.03881     1.85342  0.00345795
     1.06446      2.3304  0.00295634
     1.09011     2.54699  0.00414585
     1.11576     2.55219  0.00321525
     1.14141     2.41041  0.00339139
     1.16706     2.20512  0.00312241
     1.19271     1.98519  0.00296874
     1.21836      1.7604  0.00247042
     1.24401     1.56842  0.00257248
     1.26966     1.39459  0.00176084
     1.29531      1.2491  0.00181777
     1.32096     1.12765  0.00225078
     1.34661     1.02878   0.0020984
     1.37226    0.942872  0.00221184
     1.39791    0.874749  0.00210239
     1.42355    0.818052  0.00185477
      1.4492    0.773567  0.00146069
     1.47485    0.736855  0.00164318
      1.5005      0.7096  0.00184521
     1.52615     0.68772  0.00173494
      1.5518    0.678022  0.00137692
     1.57745    0.668711  0.00131113
      1.6031    0.667103  0.00157576
     1.62875    0.674987  0.00137243
      1.6544    0.683648  0.00158785
     1.68005    0.699341  0.00196323
      1.7057    0.719667   0.0021169
     1.73135    0.746132  0.00189534
       1.757    0.776079  0.00139908
     1.78265    0.809199  0.00146732
      1.8083    0.850275  0.00155203
     1.83395    0.889676  0.00151977
      1.8596     0.93346  0.00148028
     1.88525    0.975837  0.00118355
      1.9109      1.0143  0.00176842
     1.93655     1.05623  0.00140324
      1.9622     1.09436   0.0016757
     1.98785     1.13034  0.00161902
      2.0135     1.16232   0.0016516
     2.03915     1.19096  0.00179288
      2.0648     1.20788  0.00113287
     2.09045     1.22038  0.00168121
      2.1161       1.222  0.00162212
     2.14174     1.21469  0.00166603
     2.16739     1.20143  0.00139881
     2.19304     1.17987  0.00138375
     2.21869     1.15415  0.00121762
     2.24434     1.12729  0.00147378
     2.26999     1.09727  0.00192302
     2.29564     1.06909  0.00202472
     2.32129     1.04056  0.00180293
     2.34694     1.01303  0.00187531
     2.37259     0.98799  0.00219249
     2.39824    0.965961  0.00194957
     2.42389    0.944668  0.00158309
     2.44954    0.928105  0.00120806
     2.47519    0.915361  0.00135121
     2.50084    0.906867  0.00125563
     2.52649    0.892764  0.00112233
     2.55214    0.882026  0.00131387
   0.0128248           0           0
   0.0384745           0           0
   0.0641241           0           0
   0.0897737           0           0
    0.115423           0           0
    0.141073           0           0
    0.166723           0           0
    0.192372           0           0
    0.218022           0           0
    0.243672           0           0
    0.269321           0           0
    0.294971           0           0
     0.32062           0           0
     0.34627           0           0
     0.37192           0           0
    0.397569           0           0
    0.423219           0           0
    0.448869           0           0
    0.474518           0           0
    0.500168           0           0
    0.525818           0           0
    0.551467           0           0
    0.577117           0           0
    0.602767           0           0
    0.628416           0           0
    0.654066           0           0
    0.679715           0           0
    0.705365           0           0
    0.731015           0           0
    0.756664           0           0
    0.782314           0           0
    0.807964           0           0
    0.833613           0           0
    0.859263           0           0
    0.884913 2.43154e-06 2.36997e-06
    0.910562  0.00125407 7.24468e-05
    0.936212   0.0236753 0.000352871
    0.961861    0.163693  0.00130607
    0.987511    0.559562  0.00266091
     1.01316     1.19518  0.00341142
     1.03881     1.85468  0.00350638
     1.06446     2.33088  0.00284671
     1.09011     2.54826  0.00412852
     1.11576     2.55203  0.00305834
     1.14141     2.40931  0.00339524
     1.16706     2.20357  0.00332943
     1.19271     1.98371  0.00317009
     1.21836     1.75956  0.00248666
     1.24401     1.56681  0.00290316
     1.26966     1.39382  0.00183331
     1.29531     1.24786  0.00210348
     1.32096     1.12697  0.00223854
     1.34661     1.02773  0.00224242
     1.37226     0.94285  0.00210137
     1.39791    0.874343  0.00203603
     1.42355     0.81865  0.00185601
      1.4492     0.77337  0.00140095
     1.47485    0.736975  0.00156537
      1.5005    0.709913  0.00177926
     1.52615    0.687441  0.00167052
      1.5518    0.678515  0.00139365
     1.57745     0.66909  0.00129906
      1.6031    0.667832  0.00165706
     1.62875    0.675566  0.00142063
      1.6544     0.68435  0.00165672
     1.68005    0.700245  0.00206296
      1.7057    0.720484    0.002163
     1.73135    0.746586  0.00185415
       1.757     0.77654  0.00140287
     1.78265    0.809635  0.00145746
      1.8083    0.851117  0.00168774
     1.83395    0.890189  0.00152792
      1.8596     0.93345  0.00140631
     1.88525    0.975611  0.00114575
      1.9109     1.01418  0.00168451
     1.93655     1.05573  0.00141867
      1.9622      1.0945  0.00159798
     1.98785     1.13004  0.00156616
      2.0135     1.16216  0.00157712
     2.03915     1.19024  0.00183966
      2.0648     1.20737  0.00118646
     2.09045     1.22009  0.00162099
      2.1161     1.22163  0.00158284
     2.14174     1.21415  0.00166772
     2.16739     1.20069  0.00151307
     2.19304     1.17974  0.00132089
     2.21869     1.15423  0.00115983
     2.24434     1.12722  0.00140177
     2.26999     1.09693  0.00185734
     2.29564     1.06846  0.00202036
     2.32129     1.04011  0.00176797
     2.34694     1.01273  0.00180442
     2.37259      0.9878  0.00209104
     2.39824    0.965395  0.00193227
     2.42389    0.944527  0.00151019
     2.44954     0.92836   0.0011743
     2.47519    0.915598  0.00130425
     2.50084    0.906932  0.00119453
     2.52649    0.892818  0.00106755
     2.55214    0.882094  0.00124992
