0 6.61111
1 5.89133
2 4.98396
3 4.98396
4 4.98396
5 4.98396
6 4.76644
7 4.76644
8 4.22245
9 4.12021
10 4.05384
11 3.78237
12 3.7176
13 3.69
14 3.64346
15 3.60342
16 3.42109
17 3.42109
18 3.42109
19 3.31539
20 3.31539
21 2.81266
22 2.81266
23 2.81266
24 2.81266
25 2.81266
26 2.80236
27 2.66192
28 2.65162
29 2.55187
30 2.55187
31 2.49551
32 2.49551
33 2.34854
34 2.34854
35 2.34854
36 2.30777
37 2.2717
38 2.2717
39 2.2717
40 2.19841
41 2.19841
42 1.95227
43 1.91151
44 1.91151
45 1.91151
46 1.91151
47 1.84122
48 1.84122
49 1.83637
50 1.83637
51 1.62347
52 1.61245
53 1.61245
54 1.55257
55 1.54777
56 1.54777
57 1.37849
58 1.37369
59 1.37369
60 1.37369
61 1.30193
62 1.29091
63 1.29091
64 1.27822
65 1.27822
66 1.2672
67 1.2672
68 1.25667
69 1.25667
70 1.25667
71 1.23578
72 1.23407
73 1.23407
74 1.23407
75 1.23407
76 1.23407
77 1.23407
78 1.23407
79 1.23407
80 1.23407
81 1.12109
82 1.12109
83 1.12109
84 1.12109
85 1.12109
86 1.12109
87 1.11005
88 1.11005
89 1.11005
90 1.11005
91 1.01048
92 1.01048
93 1.01048
94 1.01048
95 0.989995
96 0.940755
97 0.940755
98 0.920267
99 0.920267
100 0.920267
101 0.920267
102 0.920267
103 0.920267
104 0.920267
105 0.920267
106 0.920267
107 0.920267
108 0.920267
109 0.920267
110 0.920267
111 0.917565
112 0.917565
113 0.917565
114 0.917565
115 0.917565
116 0.917565
117 0.917565
118 0.917565
119 0.917565
120 0.917565
121 0.907553
122 0.907553
123 0.907553
124 0.907553
125 0.904851
126 0.904851
127 0.904851
128 0.904851
129 0.904851
130 0.904851
131 0.904851
132 0.904851
133 0.904851
134 0.904851
135 0.904851
136 0.904851
137 0.904851
138 0.904851
139 0.904851
140 0.904851
141 0.897141
142 0.897141
143 0.893911
144 0.893911
145 0.893911
146 0.893911
147 0.893911
148 0.893911
149 0.893911
150 0.893911
151 0.893911
152 0.893911
153 0.893911
154 0.893911
155 0.893911
156 0.893911
157 0.893911
158 0.893911
159 0.893911
160 0.893911
161 0.893911
162 0.893911
163 0.893911
164 0.893911
165 0.893911
166 0.893911
167 0.893911
168 0.893911
169 0.893911
170 0.893911
171 0.893911
172 0.893911
173 0.893911
174 0.893911
175 0.893911
176 0.893911
177 0.893911
178 0.893911
179 0.893911
180 0.893911
181 0.893911
182 0.893911
183 0.893911
184 0.893911
185 0.893911
186 0.893911
187 0.893911
188 0.893911
189 0.893911
190 0.893911
191 0.893911
192 0.893911
193 0.893911
194 0.893911
195 0.893911
196 0.893911
197 0.893911
198 0.893911
199 0.893911
200 0.893911
201 0.893911
202 0.893911
203 0.893911
204 0.893911
205 0.893911
206 0.893911
207 0.893911
208 0.893911
209 0.893911
210 0.893911
211 0.893911
212 0.893911
213 0.893911
214 0.893911
215 0.893911
216 0.893911
217 0.893911
218 0.893911
219 0.893911
220 0.893911
221 0.893911
222 0.893911
223 0.893911
224 0.893911
225 0.893911
226 0.893911
227 0.893911
228 0.893911
229 0.893911
230 0.893911
231 0.893911
232 0.893911
233 0.893911
234 0.893911
235 0.893911
236 0.893911
237 0.893911
238 0.893911
239 0.893911
240 0.893911
241 0.893911
242 0.893911
243 0.893911
244 0.893911
245 0.893911
246 0.893911
247 0.893911
248 0.893911
249 0.893911
250 0.893911
251 0.893911
252 0.893911
253 0.893911
254 0.893911
255 0.893911
256 0.893911
257 0.893911
258 0.893911
259 0.893911
260 0.893911
261 0.893911
262 0.893911
263 0.893911
264 0.893911
265 0.893911
266 0.893911
267 0.893911
268 0.893911
269 0.893911
270 0.893911
271 0.893911
272 0.893911
273 0.893911
274 0.893911
275 0.893911
276 0.893911
277 0.893911
278 0.893911
279 0.893911
280 0.893911
281 0.893911
282 0.893911
283 0.893911
284 0.893911
285 0.893911
286 0.893911
287 0.893911
288 0.893911
289 0.893911
290 0.893911
291 0.893911
292 0.893911
293 0.893911
294 0.893911
295 0.893911
296 0.893911
297 0.893911
298 0.893911
299 0.893911
300 0.893911
301 0.893911
302 0.893911
303 0.893911
304 0.893911
305 0.893911
306 0.893911
307 0.893911
308 0.893911
309 0.893911
310 0.893911
311 0.893911
312 0.893911
313 0.893911
314 0.893911
315 0.893911
316 0.893911
317 0.893911
318 0.893911
319 0.893911
320 0.893911
321 0.893911
322 0.893911
323 0.893911
324 0.893911
325 0.893911
326 0.893911
327 0.893911
328 0.893911
329 0.893911
330 0.893911
331 0.889167
332 0.889167
333 0.889167
334 0.889167
335 0.889167
336 0.889167
337 0.889167
338 0.889167
339 0.889167
340 0.889167
341 0.889167
342 0.889167
343 0.889167
344 0.889167
345 0.889167
346 0.889167
347 0.889167
348 0.889167
349 0.889167
350 0.889167
351 0.889167
352 0.889167
353 0.889167
354 0.889167
355 0.889167
356 0.889167
357 0.889167
358 0.889167
359 0.889167
360 0.889167
361 0.889167
362 0.889167
363 0.889167
364 0.889167
365 0.889167
366 0.889167
367 0.889167
368 0.889167
369 0.889167
370 0.889167
371 0.889167
372 0.889167
373 0.889167
374 0.889167
375 0.889167
376 0.889167
377 0.889167
378 0.889167
379 0.889167
380 0.889167
381 0.889167
382 0.889167
383 0.889167
384 0.889167
385 0.889167
386 0.889167
387 0.889167
388 0.889167
389 0.889167
390 0.889167
391 0.889167
392 0.889167
393 0.889167
394 0.889167
395 0.889167
396 0.889167
397 0.889167
398 0.889167
399 0.889167
400 0.889167
401 0.889167
402 0.889167
403 0.889167
404 0.889167
405 0.889167
406 0.889167
407 0.889167
408 0.889167
409 0.889167
410 0.889167
411 0.889167
412 0.889167
413 0.889167
414 0.889167
415 0.889167
416 0.889167
417 0.889167
418 0.889167
419 0.889167
420 0.889167
421 0.889167
422 0.889167
423 0.889167
424 0.889167
425 0.889167
426 0.889167
427 0.889167
428 0.889167
429 0.889167
430 0.889167
431 0.889167
432 0.889167
433 0.889167
434 0.889167
435 0.889167
436 0.889167
437 0.889167
438 0.889167
439 0.889167
440 0.889167
441 0.889167
442 0.889167
443 0.889167
444 0.889167
445 0.889167
446 0.889167
447 0.889167
448 0.889167
449 0.889167
450 0.889167
451 0.889167
452 0.889167
453 0.889167
454 0.889167
455 0.889167
456 0.889167
457 0.889167
458 0.889167
459 0.889167
460 0.889167
461 0.889167
462 0.889167
463 0.889167
464 0.889167
465 0.889167
466 0.889167
467 0.889167
468 0.889167
469 0.889167
470 0.889167
471 0.889167
472 0.889167
473 0.889167
474 0.889167
475 0.889167
476 0.889167
477 0.889167
478 0.889167
479 0.889167
480 0.889167
481 0.889167
482 0.889167
483 0.889167
484 0.889167
485 0.889167
486 0.889167
487 0.889167
488 0.889167
489 0.889167
490 0.889167
491 0.889167
492 0.889167
493 0.889167
494 0.889167
495 0.889167
496 0.889167
497 0.889167
498 0.889167
499 0.889167
500 0.889167
501 0.889167
502 0.889167
503 0.889167
504 0.889167
505 0.889167
506 0.889167
507 0.889167
508 0.889167
509 0.889167
510 0.889167
511 0.889167
512 0.889167
513 0.889167
514 0.889167
515 0.889167
516 0.889167
517 0.889167
518 0.889167
519 0.889167
520 0.889167
521 0.889167
522 0.889167
523 0.889167
524 0.889167
525 0.889167
526 0.889167
527 0.889167
528 0.889167
529 0.889167
530 0.889167
531 0.889167
532 0.889167
533 0.889167
534 0.889167
535 0.889167
536 0.889167
537 0.889167
538 0.889167
539 0.889167
540 0.889167
541 0.889167
542 0.889167
543 0.889167
544 0.889167
545 0.889167
546 0.889167
547 0.889167
548 0.889167
549 0.889167
550 0.889167
551 0.889167
552 0.889167
553 0.889167
554 0.889167
555 0.889167
556 0.889167
557 0.889167
558 0.889167
559 0.889167
560 0.889167
561 0.889167
562 0.889167
563 0.889167
564 0.889167
565 0.889167
566 0.889167
567 0.889167
568 0.889167
569 0.889167
570 0.889167
571 0.889167
572 0.889167
573 0.889167
574 0.889167
575 0.889167
576 0.889167
577 0.889167
578 0.889167
579 0.889167
580 0.889167
581 0.889167
582 0.889167
583 0.889167
584 0.889167
585 0.889167
586 0.889167
587 0.889167
588 0.889167
589 0.889167
590 0.889167
591 0.889167
592 0.889167
593 0.889167
594 0.889167
595 0.889167
596 0.889167
597 0.889167
598 0.889167
599 0.889167
600 0.889167
601 0.889167
602 0.889167
603 0.889167
604 0.889167
605 0.889167
606 0.889167
607 0.889167
608 0.889167
609 0.889167
610 0.889167
611 0.889167
612 0.889167
613 0.889167
614 0.889167
615 0.889167
616 0.889167
617 0.889167
618 0.889167
619 0.889167
620 0.889167
621 0.889167
622 0.889167
623 0.889167
624 0.889167
625 0.889167
626 0.889167
627 0.889167
628 0.889167
629 0.889167
630 0.889167
631 0.889167
632 0.889167
633 0.889167
634 0.889167
635 0.889167
636 0.889167
637 0.889167
638 0.889167
639 0.889167
640 0.889167
641 0.889167
642 0.889167
643 0.889167
644 0.889167
645 0.889167
646 0.889167
647 0.889167
648 0.889167
649 0.889167
650 0.889167
651 0.889167
652 0.889167
653 0.889167
654 0.889167
655 0.889167
656 0.889167
657 0.889167
658 0.889167
659 0.889167
660 0.889167
661 0.889167
662 0.889167
663 0.889167
664 0.889167
665 0.889167
666 0.889167
667 0.889167
668 0.889167
669 0.889167
670 0.889167
671 0.889167
672 0.889167
673 0.889167
674 0.889167
675 0.889167
676 0.889167
677 0.889167
678 0.889167
679 0.889167
680 0.889167
681 0.889167
682 0.889167
683 0.889167
684 0.889167
685 0.889167
686 0.889167
687 0.889167
688 0.889167
689 0.889167
690 0.889167
691 0.889167
692 0.889167
693 0.889167
694 0.889167
695 0.889167
696 0.889167
697 0.889167
698 0.889167
699 0.889167
700 0.889167
701 0.889167
702 0.889167
703 0.889167
704 0.889167
705 0.889167
706 0.889167
707 0.889167
708 0.889167
709 0.889167
710 0.889167
711 0.889167
712 0.889167
713 0.889167
714 0.889167
715 0.889167
716 0.889167
717 0.889167
718 0.889167
719 0.889167
720 0.889167
721 0.889167
722 0.889167
723 0.889167
724 0.889167
725 0.889167
726 0.889167
727 0.889167
728 0.889167
729 0.889167
730 0.889167
731 0.889167
732 0.889167
733 0.889167
734 0.889167
735 0.889167
736 0.889167
737 0.889167
738 0.889167
739 0.889167
740 0.889167
741 0.889167
742 0.889167
743 0.889167
744 0.889167
745 0.889167
746 0.889167
747 0.889167
748 0.889167
749 0.889167
750 0.889167
751 0.889167
752 0.889167
753 0.889167
754 0.889167
755 0.889167
756 0.889167
757 0.889167
758 0.889167
759 0.889167
760 0.889167
761 0.889167
762 0.889167
763 0.889167
764 0.889167
765 0.889167
766 0.889167
767 0.889167
768 0.889167
769 0.889167
770 0.889167
771 0.889167
772 0.889167
773 0.889167
774 0.889167
775 0.889167
776 0.889167
777 0.889167
778 0.889167
779 0.889167
780 0.889167
781 0.889167
782 0.889167
783 0.889167
784 0.889167
785 0.889167
786 0.889167
787 0.889167
788 0.889167
789 0.889167
790 0.889167
791 0.889167
792 0.889167
793 0.889167
794 0.889167
795 0.889167
796 0.889167
797 0.889167
798 0.889167
799 0.889167
800 0.889167
801 0.889167
802 0.889167
803 0.889167
804 0.889167
805 0.889167
806 0.889167
807 0.889167
808 0.889167
809 0.889167
810 0.889167
811 0.889167
812 0.889167
813 0.889167
814 0.889167
815 0.889167
816 0.889167
817 0.889167
818 0.889167
819 0.889167
820 0.889167
821 0.889167
822 0.889167
823 0.889167
824 0.889167
825 0.889167
826 0.889167
827 0.889167
828 0.889167
829 0.889167
830 0.889167
831 0.889167
832 0.889167
833 0.889167
834 0.889167
835 0.889167
836 0.889167
837 0.889167
838 0.889167
839 0.889167
840 0.889167
841 0.889167
842 0.889167
843 0.889167
844 0.889167
845 0.889167
846 0.889167
847 0.889167
848 0.889167
849 0.889167
850 0.889167
851 0.889167
852 0.889167
853 0.889167
854 0.889167
855 0.889167
856 0.889167
857 0.889167
858 0.889167
859 0.889167
860 0.889167
861 0.889167
862 0.889167
863 0.889167
864 0.889167
865 0.889167
866 0.889167
867 0.889167
868 0.889167
869 0.889167
870 0.889167
871 0.889167
872 0.889167
873 0.889167
874 0.889167
875 0.889167
876 0.889167
877 0.889167
878 0.889167
879 0.889167
880 0.889167
881 0.889167
882 0.889167
883 0.889167
884 0.889167
885 0.889167
886 0.889167
887 0.889167
888 0.889167
889 0.889167
890 0.889167
891 0.889167
892 0.889167
893 0.889167
894 0.889167
895 0.889167
896 0.889167
897 0.889167
898 0.889167
899 0.889167
900 0.889167
901 0.889167
902 0.889167
903 0.889167
904 0.889167
905 0.889167
906 0.889167
907 0.889167
908 0.889167
909 0.889167
910 0.889167
911 0.889167
912 0.889167
913 0.889167
914 0.889167
915 0.889167
916 0.889167
917 0.889167
918 0.889167
919 0.889167
920 0.889167
921 0.889167
922 0.889167
923 0.889167
924 0.889167
925 0.889167
926 0.889167
927 0.889167
928 0.889167
929 0.889167
930 0.889167
931 0.889167
932 0.889167
933 0.889167
934 0.889167
935 0.889167
936 0.889167
937 0.889167
938 0.889167
939 0.889167
940 0.889167
941 0.889167
942 0.889167
943 0.889167
944 0.889167
945 0.889167
946 0.889167
947 0.889167
948 0.889167
949 0.889167
950 0.889167
951 0.889167
952 0.889167
953 0.889167
954 0.889167
955 0.889167
956 0.889167
957 0.889167
958 0.889167
959 0.889167
960 0.889167
961 0.889167
962 0.889167
963 0.889167
964 0.889167
965 0.889167
966 0.889167
967 0.889167
968 0.889167
969 0.889167
970 0.889167
971 0.889167
972 0.889167
973 0.889167
974 0.889167
975 0.889167
976 0.889167
977 0.889167
978 0.889167
979 0.889167
980 0.889167
981 0.889167
982 0.889167
983 0.889167
984 0.889167
985 0.889167
986 0.889167
987 0.889167
988 0.889167
989 0.889167
990 0.889167
991 0.889167
992 0.889167
993 0.889167
994 0.889167
995 0.889167
996 0.889167
997 0.889167
998 0.889167
999 0.889167
