#    r:        g(r):       error:
   0.0128248           0           0
   0.0384745           0           0
   0.0641241           0           0
   0.0897737           0           0
    0.115423           0           0
    0.141073           0           0
    0.166723           0           0
    0.192372           0           0
    0.218022           0           0
    0.243672           0           0
    0.269321           0           0
    0.294971           0           0
     0.32062           0           0
     0.34627           0           0
     0.37192           0           0
    0.397569           0           0
    0.423219           0           0
    0.448869           0           0
    0.474518           0           0
    0.500168           0           0
    0.525818           0           0
    0.551467           0           0
    0.577117           0           0
    0.602767           0           0
    0.628416           0           0
    0.654066           0           0
    0.679715           0           0
    0.705365           0           0
    0.731015           0           0
    0.756664           0           0
    0.782314           0           0
    0.807964           0           0
    0.833613           0           0
    0.859263           0           0
    0.884913           0           0
    0.910562           0           0
    0.936212           0           0
    0.961861   0.0038098           0
    0.987511   0.0963266           0
     1.01316    0.407379           0
     1.03881     1.23698           0
     1.06446     1.92089           0
     1.09011     2.52565           0
     1.11576     2.77122           0
     1.14141     2.74697           0
     1.16706     2.58332           0
     1.19271     2.34266           0
     1.21836     2.23486           0
     1.24401     2.68527           0
     1.26966     1.67661           0
     1.29531     1.32495           0
     1.32096     1.16028           0
     1.34661     1.04296           0
     1.37226    0.908875           0
     1.39791    0.811948           0
     1.42355    0.749039           0
      1.4492    0.681555           0
     1.47485     0.63239           0
      1.5005    0.620425           0
     1.52615    0.587976           0
      1.5518    0.578831           0
     1.57745     0.59017           0
      1.6031    0.619229           0
     1.62875     0.57779           0
      1.6544    0.551479           0
     1.68005    0.599976           0
      1.7057    0.642937           0
     1.73135    0.952274           0
       1.757     0.75981           0
     1.78265    0.719177           0
      1.8083    0.759331           0
     1.83395    0.845833           0
      1.8596    0.815068           0
     1.88525    0.860575           0
      1.9109    0.896835           0
     1.93655    0.945454           0
      1.9622     1.00725           0
     1.98785     1.09748           0
      2.0135     1.17896           0
     2.03915     1.24527           0
      2.0648     1.23049           0
     2.09045     1.27169           0
      2.1161     1.76211           0
     2.14174     1.28162           0
     2.16739      1.2209           0
     2.19304     1.20074           0
     2.21869     1.20705           0
     2.24434     1.20971           0
     2.26999     1.16733           0
     2.29564     1.07407           0
     2.32129     1.03834           0
     2.34694     1.00427           0
     2.37259      0.9735           0
     2.39824    0.957618           0
     2.42389    0.930326           0
     2.44954     1.17428           0
     2.47519    0.903767           0
     2.50084    0.860388           0
     2.52649    0.834436           0
     2.55214    0.823277           0
   0.0128248           0           0
   0.0384745           0           0
   0.0641241           0           0
   0.0897737           0           0
    0.115423           0           0
    0.141073           0           0
    0.166723           0           0
    0.192372           0           0
    0.218022           0           0
    0.243672           0           0
    0.269321           0           0
    0.294971           0           0
     0.32062           0           0
     0.34627           0           0
     0.37192           0           0
    0.397569           0           0
    0.423219           0           0
    0.448869           0           0
    0.474518           0           0
    0.500168           0           0
    0.525818           0           0
    0.551467           0           0
    0.577117           0           0
    0.602767           0           0
    0.628416           0           0
    0.654066           0           0
    0.679715           0           0
    0.705365           0           0
    0.731015           0           0
    0.756664           0           0
    0.782314           0           0
    0.807964           0           0
    0.833613           0           0
    0.859263           0           0
    0.884913           0           0
    0.910562           0           0
    0.936212           0           0
    0.961861  0.00514119  0.00094143
    0.987511   0.0882153  0.00573556
     1.01316    0.422291   0.0105445
     1.03881     1.23863  0.00116251
     1.06446     2.02503   0.0736427
     1.09011     2.62711   0.0717388
     1.11576     2.90034   0.0913069
     1.14141     2.87302   0.0891254
     1.16706     2.65661   0.0518298
     1.19271     2.35001  0.00520094
     1.21836     2.11473   0.0849397
     1.24401     2.19525    0.346498
     1.26966     1.58419   0.0653475
     1.29531      1.3116  0.00944238
     1.32096      1.1808   0.0145124
     1.34661     1.02708    0.011226
     1.37226     0.90933 0.000322043
     1.39791    0.842667   0.0217217
     1.42355    0.764758   0.0111156
      1.4492    0.706689   0.0177725
     1.47485    0.655207   0.0161335
      1.5005    0.656535    0.025534
     1.52615    0.620439   0.0229544
      1.5518    0.598865   0.0141661
     1.57745    0.587754  0.00170809
      1.6031    0.596451   0.0161065
     1.62875    0.583414  0.00397662
      1.6544    0.591707   0.0284453
     1.68005    0.621466   0.0151951
      1.7057    0.634878  0.00569867
     1.73135    0.813731   0.0979652
       1.757    0.743974   0.0111978
     1.78265    0.737579   0.0130117
      1.8083    0.776229   0.0119489
     1.83395    0.835977  0.00696894
      1.8596    0.859177   0.0311893
     1.88525     0.88831   0.0196114
      1.9109    0.949714   0.0373912
     1.93655      1.0013   0.0394885
      1.9622     1.04648   0.0277419
     1.98785     1.13086   0.0236054
      2.0135     1.18797  0.00636769
     2.03915     1.25163  0.00449986
      2.0648      1.2584   0.0197386
     2.09045      1.2844  0.00898987
      2.1161     1.53032    0.163899
     2.14174     1.28423  0.00184851
     2.16739     1.23176  0.00768297
     2.19304     1.21291  0.00860753
     2.21869     1.20894  0.00133568
     2.24434     1.19316   0.0116983
     2.26999     1.15684  0.00742001
     2.29564     1.09462   0.0145287
     2.32129       1.032  0.00448797
     2.34694     1.02026   0.0113067
     2.37259    0.991884   0.0129993
     2.39824    0.948856  0.00619525
     2.42389    0.934959  0.00327562
     2.44954     1.04964   0.0881315
     2.47519    0.906158  0.00169053
     2.50084     0.85923 0.000818514
     2.52649    0.826231  0.00580145
     2.55214    0.827153  0.00274069
   0.0128248           0           0
   0.0384745           0           0
   0.0641241           0           0
   0.0897737           0           0
    0.115423           0           0
    0.141073           0           0
    0.166723           0           0
    0.192372           0           0
    0.218022           0           0
    0.243672           0           0
    0.269321           0           0
    0.294971           0           0
     0.32062           0           0
     0.34627           0           0
     0.37192           0           0
    0.397569           0           0
    0.423219           0           0
    0.448869           0           0
    0.474518           0           0
    0.500168           0           0
    0.525818           0           0
    0.551467           0           0
    0.577117           0           0
    0.602767           0           0
    0.628416           0           0
    0.654066           0           0
    0.679715           0           0
    0.705365           0           0
    0.731015           0           0
    0.756664           0           0
    0.782314           0           0
    0.807964           0           0
    0.833613           0           0
    0.859263           0           0
    0.884913           0           0
    0.910562           0           0
    0.936212           0           0
    0.961861  0.00514802 0.000627645
    0.987511   0.0927431  0.00531867
     1.01316    0.438983    0.015335
     1.03881     1.22144   0.0140542
     1.06446      2.0044   0.0519043
     1.09011     2.66743   0.0580636
     1.11576     2.95801   0.0769564
     1.14141     2.93191    0.076439
     1.16706     2.69296   0.0455491
     1.19271     2.34165  0.00765389
     1.21836      2.0706   0.0671183
     1.24401     2.06634    0.253845
     1.26966     1.58301   0.0435757
     1.29531     1.31021  0.00639673
     1.32096     1.17352   0.0113565
     1.34661     1.02899  0.00764368
     1.37226    0.896189   0.0107323
     1.39791    0.827559   0.0190231
     1.42355    0.766918  0.00761719
      1.4492    0.703166   0.0121925
     1.47485    0.656691   0.0108237
      1.5005    0.646259   0.0189781
     1.52615    0.620277   0.0153035
      1.5518    0.599623  0.00946431
     1.57745    0.586144  0.00173944
      1.6031    0.594154   0.0109002
     1.62875    0.595516   0.0102309
      1.6544    0.607056   0.0227307
     1.68005    0.623254   0.0102348
      1.7057    0.636576  0.00404427
     1.73135    0.775057   0.0725431
       1.757    0.730418   0.0133507
     1.78265    0.742821  0.00967295
      1.8083    0.789376   0.0133672
     1.83395    0.855675   0.0167412
      1.8596    0.883317   0.0286505
     1.88525    0.920832   0.0295979
      1.9109    0.987974   0.0399659
     1.93655     1.03154   0.0360917
      1.9622     1.07122   0.0273897
     1.98785     1.13945   0.0172305
      2.0135     1.18255  0.00613168
     2.03915     1.23456   0.0142559
      2.0648     1.25047   0.0146674
     2.09045     1.26783   0.0147961
      2.1161     1.43154    0.135807
     2.14174     1.27722  0.00585795
     2.16739     1.22987  0.00534982
     2.19304     1.21149  0.00585522
     2.21869      1.2204  0.00940176
     2.24434     1.19972  0.00946002
     2.26999     1.16433   0.0078702
     2.29564     1.10699   0.0139953
     2.32129     1.04273  0.00925639
     2.34694     1.02429  0.00822418
     2.37259    0.998647   0.0102757
     2.39824    0.951609  0.00470203
     2.42389    0.930301  0.00438517
     2.44954     0.99992   0.0714166
     2.47519    0.900645  0.00464001
     2.50084    0.857403  0.00158892
     2.52649    0.832183  0.00621093
     2.55214    0.824871  0.00260965
   0.0128248           0           0
   0.0384745           0           0
   0.0641241           0           0
   0.0897737           0           0
    0.115423           0           0
    0.141073           0           0
    0.166723           0           0
    0.192372           0           0
    0.218022           0           0
    0.243672           0           0
    0.269321           0           0
    0.294971           0           0
     0.32062           0           0
     0.34627           0           0
     0.37192           0           0
    0.397569           0           0
    0.423219           0           0
    0.448869           0           0
    0.474518           0           0
    0.500168           0           0
    0.525818           0           0
    0.551467           0           0
    0.577117           0           0
    0.602767           0           0
    0.628416           0           0
    0.654066           0           0
    0.679715           0           0
    0.705365           0           0
    0.731015           0           0
    0.756664           0           0
    0.782314           0           0
    0.807964           0           0
    0.833613           0           0
    0.859263           0           0
    0.884913           0           0
    0.910562           0           0
    0.936212           0           0
    0.961861  0.00530505 0.000489985
    0.987511   0.0967826  0.00530568
     1.01316    0.444071   0.0123162
     1.03881     1.20549    0.017374
     1.06446     2.01491   0.0399774
     1.09011     2.69982   0.0517984
     1.11576     3.01618   0.0766118
     1.14141     2.94406   0.0582868
     1.16706     2.70102   0.0348663
     1.19271     2.36235   0.0188191
     1.21836     2.08305   0.0514797
     1.24401     1.98318    0.203551
     1.26966     1.54713   0.0450939
     1.29531     1.29647   0.0128237
     1.32096     1.16061   0.0140541
     1.34661     1.00855   0.0186018
     1.37226    0.890831   0.0092909
     1.39791    0.824486   0.0145135
     1.42355    0.756196   0.0109021
      1.4492     0.69786   0.0102338
     1.47485    0.660994   0.0089322
      1.5005    0.644823   0.0142878
     1.52615    0.630299   0.0143899
      1.5518    0.613588   0.0140231
     1.57745    0.593815  0.00677084
      1.6031    0.605824   0.0129985
     1.62875     0.59804  0.00797821
      1.6544    0.607642   0.0170555
     1.68005    0.622115  0.00773923
      1.7057    0.640736  0.00470949
     1.73135    0.751093   0.0582313
       1.757    0.728785   0.0101124
     1.78265    0.737788  0.00846325
      1.8083      0.8023   0.0150258
     1.83395    0.858055   0.0127238
      1.8596    0.883996   0.0214959
     1.88525    0.929899   0.0235465
      1.9109    0.995286    0.030636
     1.93655     1.04942   0.0311869
      1.9622      1.0782   0.0214134
     1.98785     1.15493   0.0186214
      2.0135     1.18666   0.0058167
     2.03915     1.23335   0.0107434
      2.0648     1.24662   0.0114939
     2.09045     1.26986   0.0112345
      2.1161     1.39341    0.107076
     2.14174     1.27609  0.00450101
     2.16739     1.23871  0.00864578
     2.19304     1.22023  0.00875131
     2.21869     1.21871  0.00720191
     2.24434     1.19403  0.00864002
     2.26999     1.15902  0.00748459
     2.29564     1.10711    0.010497
     2.32129      1.0484  0.00850796
     2.34694     1.02788  0.00690941
     2.37259    0.997354   0.0077877
     2.39824    0.945944  0.00604159
     2.42389    0.926014  0.00496021
     2.44954    0.972853   0.0584669
     2.47519    0.892998  0.00748124
     2.50084    0.860564  0.00298568
     2.52649    0.837234  0.00639039
     2.55214    0.826602  0.00246524
   0.0128248           0           0
   0.0384745           0           0
   0.0641241           0           0
   0.0897737           0           0
    0.115423           0           0
    0.141073           0           0
    0.166723           0           0
    0.192372           0           0
    0.218022           0           0
    0.243672           0           0
    0.269321           0           0
    0.294971           0           0
     0.32062           0           0
     0.34627           0           0
     0.37192           0           0
    0.397569           0           0
    0.423219           0           0
    0.448869           0           0
    0.474518           0           0
    0.500168           0           0
    0.525818           0           0
    0.551467           0           0
    0.577117           0           0
    0.602767           0           0
    0.628416           0           0
    0.654066           0           0
    0.679715           0           0
    0.705365           0           0
    0.731015           0           0
    0.756664           0           0
    0.782314           0           0
    0.807964           0           0
    0.833613           0           0
    0.859263           0           0
    0.884913           0           0
    0.910562           0           0
    0.936212           0           0
    0.961861  0.00576796 0.000570162
    0.987511   0.0986707  0.00456816
     1.01316    0.446519   0.0100934
     1.03881     1.21834   0.0180335
     1.06446     2.01823   0.0321197
     1.09011     2.69336   0.0418394
     1.11576     2.98518   0.0672707
     1.14141     2.94891   0.0468303
     1.16706     2.71286   0.0298384
     1.19271     2.37375   0.0181855
     1.21836     2.07943   0.0413107
     1.24401     1.95134    0.165313
     1.26966     1.56245   0.0385882
     1.29531     1.31769   0.0215686
     1.32096     1.16646   0.0124007
     1.34661     1.01631   0.0164212
     1.37226    0.892622   0.0076034
     1.39791     0.81853   0.0127742
     1.42355    0.752956  0.00919037
      1.4492    0.697583  0.00819077
     1.47485    0.657492  0.00780195
      1.5005    0.643212   0.0115207
     1.52615     0.62792   0.0117068
      1.5518    0.607352   0.0125286
     1.57745    0.592663  0.00551391
      1.6031    0.603752   0.0105627
     1.62875    0.599889   0.0065934
      1.6544    0.611404   0.0140532
     1.68005    0.620479  0.00636194
      1.7057    0.642682  0.00415037
     1.73135    0.738222   0.0479864
       1.757    0.730327  0.00820681
     1.78265    0.741496  0.00753933
      1.8083    0.802041   0.0120229
     1.83395    0.864536    0.011714
      1.8596    0.887463   0.0174741
     1.88525    0.922734   0.0198975
      1.9109    0.992888   0.0246025
     1.93655     1.04659   0.0250776
      1.9622     1.08525   0.0182549
     1.98785     1.15434   0.0149067
      2.0135     1.18151  0.00655171
     2.03915     1.22714    0.010234
      2.0648     1.24247  0.00991454
     2.09045     1.26718  0.00930193
      2.1161     1.36581   0.0891455
     2.14174     1.28433  0.00820099
     2.16739     1.25872   0.0191837
     2.19304      1.2444   0.0227269
     2.21869     1.23192   0.0131448
     2.24434     1.20049  0.00900854
     2.26999     1.16153  0.00639394
     2.29564     1.10941  0.00864721
     2.32129     1.05406  0.00848125
     2.34694     1.03246  0.00687938
     2.37259    0.997037   0.0062366
     2.39824    0.943796  0.00520126
     2.42389    0.922169  0.00525097
     2.44954    0.958233   0.0485671
     2.47519    0.884171   0.0099068
     2.50084     0.85425  0.00613135
     2.52649    0.837269   0.0051124
     2.55214    0.830682  0.00414775
   0.0128248           0           0
   0.0384745           0           0
   0.0641241           0           0
   0.0897737           0           0
    0.115423           0           0
    0.141073           0           0
    0.166723           0           0
    0.192372           0           0
    0.218022           0           0
    0.243672           0           0
    0.269321           0           0
    0.294971           0           0
     0.32062           0           0
     0.34627           0           0
     0.37192           0           0
    0.397569           0           0
    0.423219           0           0
    0.448869           0           0
    0.474518           0           0
    0.500168           0           0
    0.525818           0           0
    0.551467           0           0
    0.577117           0           0
    0.602767           0           0
    0.628416           0           0
    0.654066           0           0
    0.679715           0           0
    0.705365           0           0
    0.731015           0           0
    0.756664           0           0
    0.782314           0           0
    0.807964           0           0
    0.833613           0           0
    0.859263           0           0
    0.884913           0           0
    0.910562           0           0
    0.936212 0.000158788 0.000144953
    0.961861  0.00673202  0.00100013
    0.987511   0.0985064  0.00380975
     1.01316     0.45103  0.00936493
     1.03881     1.20774   0.0178761
     1.06446     2.00351   0.0299506
     1.09011     2.69022    0.034984
     1.11576     3.01525   0.0624183
     1.14141     2.95718   0.0397492
     1.16706      2.7156   0.0249909
     1.19271     2.38777   0.0198321
     1.21836     2.08724   0.0351554
     1.24401     1.93002    0.139129
     1.26966     1.55764   0.0324552
     1.29531     1.31409   0.0182718
     1.32096     1.16486   0.0104368
     1.34661     1.01265   0.0140878
     1.37226    0.896496  0.00725621
     1.39791    0.821021   0.0108853
     1.42355    0.752931  0.00765867
      1.4492    0.696424  0.00690721
     1.47485    0.659638  0.00679012
      1.5005    0.637092   0.0111078
     1.52615    0.624288   0.0103038
      1.5518    0.605094   0.0106421
     1.57745    0.588353  0.00604915
      1.6031    0.595884   0.0113607
     1.62875    0.592193  0.00891845
      1.6544    0.610021   0.0117789
     1.68005    0.619705  0.00534844
      1.7057     0.63993   0.0042748
     1.73135    0.723859   0.0420832
       1.757    0.728639  0.00701058
     1.78265    0.746942  0.00801179
      1.8083    0.807011   0.0109985
     1.83395    0.872588   0.0122198
      1.8596    0.896394   0.0166885
     1.88525    0.940732   0.0233426
      1.9109     1.00818   0.0248007
     1.93655     1.05373   0.0218902
      1.9622     1.09637   0.0182863
     1.98785     1.16047   0.0136258
      2.0135     1.18349  0.00575328
     2.03915     1.22707  0.00852858
      2.0648      1.2385  0.00902246
     2.09045      1.2609  0.00963923
      2.1161     1.33963   0.0780378
     2.14174     1.27329   0.0121721
     2.16739     1.26063   0.0160811
     2.19304     1.24702   0.0190894
     2.21869      1.2306   0.0110201
     2.24434     1.19766   0.0079364
     2.26999     1.16162  0.00532902
     2.29564      1.1182   0.0107797
     2.32129     1.05802  0.00793718
     2.34694     1.03539  0.00632621
     2.37259    0.994556   0.0056692
     2.39824    0.942248  0.00455897
     2.42389    0.919983  0.00480917
     2.44954    0.948078   0.0415207
     2.47519    0.882141  0.00846115
     2.50084    0.852171   0.0054507
     2.52649    0.838228  0.00434921
     2.55214    0.832414  0.00380109
   0.0128248           0           0
   0.0384745           0           0
   0.0641241           0           0
   0.0897737           0           0
    0.115423           0           0
    0.141073           0           0
    0.166723           0           0
    0.192372           0           0
    0.218022           0           0
    0.243672           0           0
    0.269321           0           0
    0.294971           0           0
     0.32062           0           0
     0.34627           0           0
     0.37192           0           0
    0.397569           0           0
    0.423219           0           0
    0.448869           0           0
    0.474518           0           0
    0.500168           0           0
    0.525818           0           0
    0.551467           0           0
    0.577117           0           0
    0.602767           0           0
    0.628416           0           0
    0.654066           0           0
    0.679715           0           0
    0.705365           0           0
    0.731015           0           0
    0.756664           0           0
    0.782314           0           0
    0.807964           0           0
    0.833613           0           0
    0.859263           0           0
    0.884913           0           0
    0.910562           0           0
    0.936212 0.000136104 0.000126008
    0.961861  0.00696416 0.000883784
    0.987511   0.0988049  0.00327717
     1.01316     0.45058  0.00803787
     1.03881     1.20345    0.015828
     1.06446     2.01918   0.0294859
     1.09011     2.69645   0.0305367
     1.11576     3.01072   0.0536652
     1.14141     2.95049   0.0346294
     1.16706     2.70623   0.0231134
     1.19271     2.39099   0.0172583
     1.21836      2.0966   0.0313541
     1.24401     1.91524    0.120035
     1.26966     1.56823   0.0294955
     1.29531     1.32221   0.0173724
     1.32096     1.16827  0.00948524
     1.34661     1.01443   0.0121881
     1.37226    0.891814  0.00758068
     1.39791    0.817919  0.00976232
     1.42355    0.751173  0.00676341
      1.4492    0.693477  0.00651883
     1.47485    0.662271  0.00631026
      1.5005    0.633767   0.0100061
     1.52615    0.627455  0.00930592
      1.5518    0.611191   0.0107272
     1.57745    0.588387  0.00518508
      1.6031     0.59235   0.0102726
     1.62875    0.592543  0.00765124
      1.6544    0.608143   0.0102448
     1.68005    0.621325  0.00482337
      1.7057    0.643069  0.00467681
     1.73135    0.719304    0.036317
       1.757    0.722473  0.00828801
     1.78265    0.747062  0.00686814
      1.8083    0.802501   0.0103104
     1.83395    0.867586   0.0114522
      1.8596    0.896379   0.0143045
     1.88525    0.941164    0.020012
      1.9109     1.00525   0.0214294
     1.93655      1.0533   0.0187673
      1.9622     1.10098   0.0162442
     1.98785     1.16287    0.011888
      2.0135     1.18764  0.00624972
     2.03915     1.23004  0.00781233
      2.0648     1.24433  0.00942946
     2.09045     1.26569  0.00937867
      2.1161     1.32868   0.0676537
     2.14174     1.27611   0.0107535
     2.16739     1.26393   0.0141182
     2.19304     1.24636   0.0163739
     2.21869     1.23002   0.0094611
     2.24434     1.19777  0.00680326
     2.26999     1.16113  0.00459025
     2.29564     1.11742  0.00926766
     2.32129     1.06556  0.00975099
     2.34694     1.03611  0.00546279
     2.37259    0.994482  0.00485979
     2.39824    0.945624  0.00500433
     2.42389    0.925284  0.00640927
     2.44954    0.940522   0.0362702
     2.47519     0.88031  0.00744783
     2.50084    0.852071  0.00467294
     2.52649    0.840577  0.00431609
     2.55214    0.834655   0.0038627
   0.0128248           0           0
   0.0384745           0           0
   0.0641241           0           0
   0.0897737           0           0
    0.115423           0           0
    0.141073           0           0
    0.166723           0           0
    0.192372           0           0
    0.218022           0           0
    0.243672           0           0
    0.269321           0           0
    0.294971           0           0
     0.32062           0           0
     0.34627           0           0
     0.37192           0           0
    0.397569           0           0
    0.423219           0           0
    0.448869           0           0
    0.474518           0           0
    0.500168           0           0
    0.525818           0           0
    0.551467           0           0
    0.577117           0           0
    0.602767           0           0
    0.628416           0           0
    0.654066           0           0
    0.679715           0           0
    0.705365           0           0
    0.731015           0           0
    0.756664           0           0
    0.782314           0           0
    0.807964           0           0
    0.833613           0           0
    0.859263           0           0
    0.884913           0           0
    0.910562           0           0
    0.936212 0.000119091   0.0001114
    0.961861  0.00701024 0.000774512
    0.987511    0.100149   0.0031312
     1.01316    0.454445  0.00790789
     1.03881     1.19982   0.0142598
     1.06446     2.01188   0.0266884
     1.09011     2.69061   0.0272726
     1.11576      3.0165   0.0472673
     1.14141     2.96549   0.0333924
     1.16706     2.70883   0.0203699
     1.19271     2.39765   0.0163364
     1.21836     2.10411   0.0283217
     1.24401     1.89914    0.106105
     1.26966     1.56661    0.025853
     1.29531     1.32663   0.0157551
     1.32096     1.16565   0.0086537
     1.34661     1.01894   0.0114686
     1.37226     0.89368  0.00685873
     1.39791    0.816634   0.0086262
     1.42355     0.74919  0.00620174
      1.4492    0.690857  0.00620814
     1.47485    0.659096  0.00626964
      1.5005    0.629931  0.00946228
     1.52615    0.626653  0.00817719
      1.5518    0.608192  0.00979643
     1.57745    0.587023  0.00471276
      1.6031     0.59005   0.0092425
     1.62875    0.592695  0.00669635
      1.6544     0.60762  0.00897753
     1.68005    0.620427  0.00430313
      1.7057    0.644126  0.00420992
     1.73135    0.715295   0.0319979
       1.757    0.719811  0.00766776
     1.78265    0.746036   0.0060857
      1.8083    0.800618  0.00919208
     1.83395    0.863979   0.0105735
      1.8596     0.89452   0.0126367
     1.88525    0.945446   0.0179627
      1.9109     1.01403   0.0204712
     1.93655     1.06208   0.0183608
      1.9622     1.10694   0.0152691
     1.98785     1.16872   0.0117558
      2.0135     1.19176  0.00669069
     2.03915     1.23463  0.00807367
      2.0648     1.24558  0.00833334
     2.09045     1.26258  0.00870709
      2.1161     1.32278   0.0594532
     2.14174     1.27808  0.00958809
     2.16739     1.26347   0.0123608
     2.19304      1.2495   0.0146253
     2.21869     1.23019  0.00828003
     2.24434      1.1957  0.00625773
     2.26999     1.16305  0.00440024
     2.29564     1.11836  0.00815697
     2.32129     1.06396  0.00866312
     2.34694     1.03181  0.00624542
     2.37259    0.992252  0.00473673
     2.39824    0.946068  0.00439839
     2.42389    0.926621  0.00574577
     2.44954    0.934887   0.0321711
     2.47519    0.876898  0.00725651
     2.50084    0.849686  0.00465773
     2.52649    0.837599   0.0046929
     2.55214    0.830003  0.00551041
   0.0128248           0           0
   0.0384745           0           0
   0.0641241           0           0
   0.0897737           0           0
    0.115423           0           0
    0.141073           0           0
    0.166723           0           0
    0.192372           0           0
    0.218022           0           0
    0.243672           0           0
    0.269321           0           0
    0.294971           0           0
     0.32062           0           0
     0.34627           0           0
     0.37192           0           0
    0.397569           0           0
    0.423219           0           0
    0.448869           0           0
    0.474518           0           0
    0.500168           0           0
    0.525818           0           0
    0.551467           0           0
    0.577117           0           0
    0.602767           0           0
    0.628416           0           0
    0.654066           0           0
    0.679715           0           0
    0.705365           0           0
    0.731015           0           0
    0.756664           0           0
    0.782314           0           0
    0.807964           0           0
    0.833613           0           0
    0.859263           0           0
    0.884913           0           0
    0.910562           0           0
    0.936212 0.000105859 9.98047e-05
    0.961861  0.00708706 0.000692253
    0.987511    0.101105  0.00292535
     1.01316     0.45151  0.00755407
     1.03881     1.19327      0.0141
     1.06446     2.02343   0.0261048
     1.09011     2.70559   0.0280567
     1.11576     3.02381   0.0425768
     1.14141     2.97064   0.0300776
     1.16706     2.71321    0.018572
     1.19271     2.39697   0.0145353
     1.21836      2.0908   0.0281284
     1.24401     1.88504   0.0952486
     1.26966     1.55723   0.0246221
     1.29531     1.31879   0.0158352
     1.32096     1.16402  0.00784343
     1.34661     1.01962   0.0102142
     1.37226    0.891273  0.00650504
     1.39791    0.813321  0.00827957
     1.42355    0.751366    0.005882
      1.4492    0.695507  0.00704797
     1.47485    0.659771  0.00560916
      1.5005    0.629861  0.00841117
     1.52615    0.629036  0.00760796
      1.5518    0.611671  0.00930492
     1.57745    0.589959  0.00502098
      1.6031    0.594663  0.00929576
     1.62875    0.593995  0.00607715
      1.6544    0.606959  0.00800434
     1.68005    0.619275  0.00397644
      1.7057    0.643942  0.00374619
     1.73135    0.712533   0.0285615
       1.757    0.723208   0.0075307
     1.78265    0.751088  0.00720753
      1.8083    0.804018  0.00877705
     1.83395    0.864061  0.00939903
      1.8596    0.896036   0.0113232
     1.88525     0.94708    0.016041
      1.9109     1.01475    0.018209
     1.93655     1.05842   0.0166804
      1.9622       1.105   0.0136951
     1.98785     1.16425   0.0112666
      2.0135     1.19036  0.00609133
     2.03915     1.23307  0.00732577
      2.0648     1.24976  0.00838781
     2.09045     1.26623  0.00846981
      2.1161     1.31968   0.0529285
     2.14174     1.27512  0.00896756
     2.16739     1.26193   0.0110828
     2.19304     1.25064   0.0130447
     2.21869     1.23354  0.00800794
     2.24434     1.19759  0.00584011
     2.26999     1.15965  0.00506175
     2.29564     1.11707   0.0073521
     2.32129     1.06501  0.00776353
     2.34694     1.03011  0.00577705
     2.37259    0.987649   0.0060464
     2.39824     0.94261  0.00509085
     2.42389    0.922023  0.00669913
     2.44954    0.928209   0.0292814
     2.47519    0.877903  0.00651939
     2.50084    0.852107  0.00472779
     2.52649    0.839737  0.00463284
     2.55214    0.828739  0.00504093
   0.0128248           0           0
   0.0384745           0           0
   0.0641241           0           0
   0.0897737           0           0
    0.115423           0           0
    0.141073           0           0
    0.166723           0           0
    0.192372           0           0
    0.218022           0           0
    0.243672           0           0
    0.269321           0           0
    0.294971           0           0
     0.32062           0           0
     0.34627           0           0
     0.37192           0           0
    0.397569           0           0
    0.423219           0           0
    0.448869           0           0
    0.474518           0           0
    0.500168           0           0
    0.525818           0           0
    0.551467           0           0
    0.577117           0           0
    0.602767           0           0
    0.628416           0           0
    0.654066           0           0
    0.679715           0           0
    0.705365           0           0
    0.731015           0           0
    0.756664           0           0
    0.782314           0           0
    0.807964           0           0
    0.833613           0           0
    0.859263           0           0
    0.884913           0           0
    0.910562           0           0
    0.936212  9.5273e-05 9.03839e-05
    0.961861  0.00689861 0.000648169
    0.987511     0.10136  0.00264397
     1.01316    0.454601  0.00740404
     1.03881      1.1989   0.0137698
     1.06446     2.03214   0.0249034
     1.09011     2.70954   0.0255273
     1.11576     3.02856   0.0385822
     1.14141     2.95581   0.0305091
     1.16706     2.71413   0.0167376
     1.19271     2.39418   0.0133463
     1.21836     2.09383   0.0254779
     1.24401     1.87368   0.0863983
     1.26966     1.55597   0.0221921
     1.29531     1.31821   0.0142626
     1.32096       1.163   0.0071257
     1.34661     1.01774   0.0093636
     1.37226    0.890065  0.00596566
     1.39791    0.812019  0.00755335
     1.42355    0.748131  0.00611918
      1.4492    0.696834  0.00646677
     1.47485    0.663646    0.006245
      1.5005     0.63509  0.00905039
     1.52615    0.630352  0.00696012
      1.5518     0.61083  0.00841229
     1.57745    0.589598  0.00453182
      1.6031    0.592187  0.00868958
     1.62875    0.594969  0.00554696
      1.6544    0.608272  0.00731084
     1.68005    0.623957  0.00570426
      1.7057    0.646374  0.00408561
     1.73135    0.707296   0.0261812
       1.757    0.722274  0.00683527
     1.78265       0.752  0.00654415
      1.8083    0.803626  0.00790809
     1.83395    0.860959  0.00895645
      1.8596    0.896636   0.0102067
     1.88525    0.950718   0.0148436
      1.9109     1.01444   0.0163908
     1.93655     1.05885   0.0150178
      1.9622     1.10858   0.0127847
     1.98785     1.16547   0.0102055
      2.0135     1.19172  0.00563093
     2.03915      1.2314  0.00678296
      2.0648     1.25376  0.00845049
     2.09045     1.27221  0.00950119
      2.1161     1.32092   0.0476502
     2.14174     1.28049  0.00954658
     2.16739     1.26605   0.0107121
     2.19304      1.2475   0.0121109
     2.21869     1.22913  0.00833099
     2.24434     1.19196  0.00749061
     2.26999     1.15737  0.00504068
     2.29564     1.11134  0.00856112
     2.32129     1.06153  0.00772501
     2.34694     1.02992  0.00520275
     2.37259    0.985807  0.00571542
     2.39824    0.942908   0.0045905
     2.42389    0.918091  0.00708952
     2.44954    0.920332   0.0273924
     2.47519    0.876864  0.00594967
     2.50084    0.852818  0.00430803
     2.52649    0.842676  0.00501581
     2.55214    0.829274  0.00456514
   0.0128248           0           0
   0.0384745           0           0
   0.0641241           0           0
   0.0897737           0           0
    0.115423           0           0
    0.141073           0           0
    0.166723           0           0
    0.192372           0           0
    0.218022           0           0
    0.243672           0           0
    0.269321           0           0
    0.294971           0           0
     0.32062           0           0
     0.34627           0           0
     0.37192           0           0
    0.397569           0           0
    0.423219           0           0
    0.448869           0           0
    0.474518           0           0
    0.500168           0           0
    0.525818           0           0
    0.551467           0           0
    0.577117           0           0
    0.602767           0           0
    0.628416           0           0
    0.654066           0           0
    0.679715           0           0
    0.705365           0           0
    0.731015           0           0
    0.756664           0           0
    0.782314           0           0
    0.807964           0           0
    0.833613           0           0
    0.859263           0           0
    0.884913           0           0
    0.910562           0           0
    0.936212 0.000129918 8.85584e-05
    0.961861  0.00681892 0.000594124
    0.987511    0.100059  0.00270475
     1.01316     0.45225  0.00709453
     1.03881     1.20132   0.0127277
     1.06446      2.0347    0.022771
     1.09011     2.70732    0.023303
     1.11576     3.01658   0.0368857
     1.14141     2.95841    0.027846
     1.16706      2.7128   0.0152687
     1.19271     2.39448   0.0121364
     1.21836     2.09152   0.0232662
     1.24401     1.86158   0.0793865
     1.26966     1.55379   0.0202813
     1.29531     1.32135   0.0133067
     1.32096     1.16642  0.00725337
     1.34661     1.02414   0.0104707
     1.37226    0.894058    0.006626
     1.39791    0.814725  0.00733556
     1.42355     0.74836  0.00556719
      1.4492    0.697595  0.00592354
     1.47485    0.665758  0.00602386
      1.5005    0.638394  0.00881008
     1.52615    0.628999  0.00645752
      1.5518    0.609981  0.00769023
     1.57745    0.590437  0.00419663
      1.6031    0.591038  0.00797524
     1.62875    0.596986  0.00539677
      1.6544    0.611554  0.00734605
     1.68005    0.628036  0.00648204
      1.7057    0.649409  0.00470808
     1.73135    0.705076   0.0238951
       1.757    0.723713  0.00636357
     1.78265    0.753942  0.00623092
      1.8083    0.801166   0.0075622
     1.83395    0.856833  0.00904296
      1.8596    0.895629  0.00932835
     1.88525    0.951533   0.0135166
      1.9109     1.01093   0.0152716
     1.93655     1.05518   0.0140938
      1.9622     1.10705   0.0117137
     1.98785     1.16221  0.00978503
      2.0135     1.18899   0.0057432
     2.03915      1.2284  0.00679572
      2.0648      1.2501  0.00843734
     2.09045     1.27165  0.00865409
      2.1161     1.31652   0.0435209
     2.14174     1.28333  0.00908917
     2.16739     1.26838  0.00998735
     2.19304     1.25023   0.0113121
     2.21869     1.22994  0.00761296
     2.24434      1.1913  0.00683905
     2.26999     1.15682  0.00461253
     2.29564     1.11097  0.00779101
     2.32129     1.06113  0.00703339
     2.34694     1.03119  0.00488432
     2.37259     0.98824  0.00569014
     2.39824    0.944871  0.00457389
     2.42389    0.918783  0.00647867
     2.44954    0.918648   0.0249539
     2.47519    0.878756  0.00570165
     2.50084    0.854249   0.0041474
     2.52649    0.844664   0.0049381
     2.55214    0.832035  0.00491467
   0.0128248           0           0
   0.0384745           0           0
   0.0641241           0           0
   0.0897737           0           0
    0.115423           0           0
    0.141073           0           0
    0.166723           0           0
    0.192372           0           0
    0.218022           0           0
    0.243672           0           0
    0.269321           0           0
    0.294971           0           0
     0.32062           0           0
     0.34627           0           0
     0.37192           0           0
    0.397569           0           0
    0.423219           0           0
    0.448869           0           0
    0.474518           0           0
    0.500168           0           0
    0.525818           0           0
    0.551467           0           0
    0.577117           0           0
    0.602767           0           0
    0.628416           0           0
    0.654066           0           0
    0.679715           0           0
    0.705365           0           0
    0.731015           0           0
    0.756664           0           0
    0.782314           0           0
    0.807964           0           0
    0.833613           0           0
    0.859263           0           0
    0.884913           0           0
    0.910562           0           0
    0.936212 0.000119091 8.18376e-05
    0.961861  0.00669105 0.000558203
    0.987511   0.0998551  0.00248706
     1.01316    0.455724  0.00730474
     1.03881     1.19574   0.0128286
     1.06446     2.03452   0.0208741
     1.09011     2.70575   0.0214137
     1.11576     3.00826   0.0347371
     1.14141     2.96233   0.0257998
     1.16706     2.71293   0.0139969
     1.19271     2.39708   0.0113985
     1.21836     2.09367   0.0214262
     1.24401     1.85958   0.0727962
     1.26966     1.55119   0.0187576
     1.29531     1.32459   0.0125863
     1.32096      1.1693  0.00719822
     1.34661     1.02286  0.00967627
     1.37226    0.898243  0.00727651
     1.39791    0.815066  0.00673217
     1.42355    0.752744  0.00660755
      1.4492    0.701471  0.00657666
     1.47485    0.665035  0.00556513
      1.5005    0.637302  0.00814325
     1.52615    0.629069  0.00591977
      1.5518      0.6108  0.00709285
     1.57745    0.592671  0.00440168
      1.6031    0.592149  0.00738757
     1.62875    0.595243  0.00522087
      1.6544    0.610098  0.00687654
     1.68005    0.626185  0.00620044
      1.7057    0.651539  0.00477335
     1.73135    0.701403   0.0221842
       1.757    0.721609  0.00617128
     1.78265    0.755055  0.00581022
      1.8083    0.801192  0.00693206
     1.83395    0.854825  0.00850928
      1.8596    0.894576  0.00861025
     1.88525    0.951949   0.0123966
      1.9109     1.01385   0.0142757
     1.93655      1.0564   0.0129724
      1.9622     1.10595   0.0107894
     1.98785        1.16  0.00921641
      2.0135     1.18555  0.00620862
     2.03915     1.22427  0.00737982
      2.0648     1.24774  0.00805651
     2.09045     1.27013  0.00806521
      2.1161     1.31375   0.0399818
     2.14174     1.28359  0.00833556
     2.16739     1.26807  0.00915966
     2.19304     1.24955     0.01039
     2.21869     1.23122  0.00708568
     2.24434     1.19593  0.00767888
     2.26999     1.16148   0.0061496
     2.29564     1.11387  0.00766298
     2.32129     1.06483  0.00735691
     2.34694     1.03276  0.00472007
     2.37259    0.991253  0.00596073
     2.39824    0.948112  0.00521586
     2.42389    0.922177  0.00676974
     2.44954     0.91778   0.0228895
     2.47519    0.877496  0.00536383
     2.50084    0.854385  0.00380402
     2.52649     0.84548   0.0045936
     2.55214    0.833403  0.00469152
   0.0128248           0           0
   0.0384745           0           0
   0.0641241           0           0
   0.0897737           0           0
    0.115423           0           0
    0.141073           0           0
    0.166723           0           0
    0.192372           0           0
    0.218022           0           0
    0.243672           0           0
    0.269321           0           0
    0.294971           0           0
     0.32062           0           0
     0.34627           0           0
     0.37192           0           0
    0.397569           0           0
    0.423219           0           0
    0.448869           0           0
    0.474518           0           0
    0.500168           0           0
    0.525818           0           0
    0.551467           0           0
    0.577117           0           0
    0.602767           0           0
    0.628416           0           0
    0.654066           0           0
    0.679715           0           0
    0.705365           0           0
    0.731015           0           0
    0.756664           0           0
    0.782314           0           0
    0.807964           0           0
    0.833613           0           0
    0.859263           0           0
    0.884913           0           0
    0.910562           0           0
    0.936212  0.00010993 7.60534e-05
    0.961861  0.00667425 0.000515517
    0.987511   0.0998195    0.002296
     1.01316    0.455503  0.00674618
     1.03881     1.19616   0.0118484
     1.06446     2.03863   0.0196674
     1.09011     2.70477   0.0197888
     1.11576     3.00896   0.0320721
     1.14141     2.96662   0.0241699
     1.16706     2.71188   0.0129596
     1.19271      2.3982   0.0105769
     1.21836     2.09671   0.0199936
     1.24401     1.85708   0.0672394
     1.26966     1.55007    0.017348
     1.29531     1.32487   0.0116213
     1.32096     1.17306    0.007565
     1.34661     1.02234  0.00894595
     1.37226    0.896479   0.0069273
     1.39791    0.813984  0.00630062
     1.42355    0.753864  0.00619346
      1.4492    0.703312  0.00632329
     1.47485    0.668267  0.00600274
      1.5005    0.639142  0.00772181
     1.52615    0.626319  0.00606965
      1.5518    0.607924  0.00710666
     1.57745    0.591957  0.00412064
      1.6031    0.589477  0.00728657
     1.62875    0.591604  0.00595407
      1.6544    0.606365  0.00729097
     1.68005    0.624481  0.00595308
      1.7057    0.649608  0.00478078
     1.73135     0.69998   0.0205233
       1.757    0.721076  0.00571958
     1.78265    0.756932  0.00565827
      1.8083    0.801988  0.00644442
     1.83395    0.855221  0.00786391
      1.8596    0.897932  0.00857713
     1.88525    0.956807   0.0123583
      1.9109     1.01624   0.0133772
     1.93655     1.05896   0.0122242
      1.9622     1.10789   0.0101325
     1.98785     1.15981  0.00850947
      2.0135     1.18205  0.00664435
     2.03915      1.2227   0.0069762
      2.0648     1.24959  0.00764441
     2.09045     1.27075  0.00746913
      2.1161     1.31177   0.0369553
     2.14174     1.28627  0.00811443
     2.16739     1.26768   0.0084635
     2.19304     1.25046  0.00963088
     2.21869     1.22968   0.0067067
     2.24434     1.19514  0.00712871
     2.26999     1.16063  0.00573516
     2.29564     1.11476  0.00712437
     2.32129     1.06586   0.0068633
     2.34694     1.03311  0.00437057
     2.37259    0.992691  0.00567292
     2.39824    0.949861  0.00509957
     2.42389     0.92057  0.00643685
     2.44954     0.91446   0.0213682
     2.47519    0.877334  0.00495369
     2.50084    0.855337  0.00362852
     2.52649    0.843999  0.00447266
     2.55214    0.831104  0.00486142
   0.0128248           0           0
   0.0384745           0           0
   0.0641241           0           0
   0.0897737           0           0
    0.115423           0           0
    0.141073           0           0
    0.166723           0           0
    0.192372           0           0
    0.218022           0           0
    0.243672           0           0
    0.269321           0           0
    0.294971           0           0
     0.32062           0           0
     0.34627           0           0
     0.37192           0           0
    0.397569           0           0
    0.423219           0           0
    0.448869           0           0
    0.474518           0           0
    0.500168           0           0
    0.525818           0           0
    0.551467           0           0
    0.577117           0           0
    0.602767           0           0
    0.628416           0           0
    0.654066           0           0
    0.679715           0           0
    0.705365           0           0
    0.731015           0           0
    0.756664           0           0
    0.782314           0           0
    0.807964           0           0
    0.833613           0           0
    0.859263           0           0
    0.884913           0           0
    0.910562           0           0
    0.936212 0.000145384 7.84507e-05
    0.961861  0.00676811 0.000487164
    0.987511     0.10128  0.00255485
     1.01316    0.454646  0.00631856
     1.03881     1.20121   0.0120322
     1.06446     2.04187   0.0185288
     1.09011     2.70658   0.0184578
     1.11576     3.01115   0.0298558
     1.14141      2.9633   0.0226706
     1.16706      2.7077   0.0126916
     1.19271     2.40058   0.0100853
     1.21836     2.09499   0.0186401
     1.24401     1.85241   0.0625986
     1.26966     1.55031   0.0161105
     1.29531     1.32397   0.0108258
     1.32096     1.17185  0.00712166
     1.34661     1.02046  0.00850094
     1.37226    0.895595  0.00648865
     1.39791    0.813977  0.00585058
     1.42355    0.754709  0.00580835
      1.4492    0.704037  0.00591308
     1.47485    0.669689     0.00574
      1.5005    0.639184  0.00717037
     1.52615    0.625755  0.00566226
      1.5518    0.607046  0.00665303
     1.57745    0.593146  0.00399441
      1.6031    0.587985  0.00691709
     1.62875     0.59188  0.00553521
      1.6544    0.604217   0.0070796
     1.68005    0.622715  0.00578395
      1.7057    0.648456  0.00457591
     1.73135     0.69749   0.0192079
       1.757    0.721305  0.00531562
     1.78265    0.759052  0.00563714
      1.8083    0.805687  0.00696516
     1.83395    0.857208  0.00754921
      1.8596    0.898738  0.00800222
     1.88525    0.957589   0.0115003
      1.9109     1.01707   0.0124474
     1.93655     1.06156   0.0116241
      1.9622     1.10927   0.0095027
     1.98785     1.16325   0.0085705
      2.0135      1.1852  0.00687409
     2.03915     1.22283  0.00647912
      2.0648     1.24839  0.00719159
     2.09045      1.2686  0.00723815
      2.1161     1.31039   0.0343416
     2.14174     1.28682  0.00755362
     2.16739     1.26743  0.00786254
     2.19304     1.25093  0.00895436
     2.21869     1.22853  0.00632547
     2.24434     1.19405   0.0067019
     2.26999     1.15847  0.00571991
     2.29564     1.11279  0.00688052
     2.32129     1.06428  0.00655363
     2.34694     1.03152    0.004338
     2.37259    0.990746  0.00559103
     2.39824    0.948876  0.00482962
     2.42389    0.918438   0.0063205
     2.44954    0.912138   0.0199677
     2.47519    0.875878  0.00480893
     2.50084    0.856569   0.0035725
     2.52649    0.844357   0.0041675
     2.55214    0.832677    0.004762
   0.0128248           0           0
   0.0384745           0           0
   0.0641241           0           0
   0.0897737           0           0
    0.115423           0           0
    0.141073           0           0
    0.166723           0           0
    0.192372           0           0
    0.218022           0           0
    0.243672           0           0
    0.269321           0           0
    0.294971           0           0
     0.32062           0           0
     0.34627           0           0
     0.37192           0           0
    0.397569           0           0
    0.423219           0           0
    0.448869           0           0
    0.474518           0           0
    0.500168           0           0
    0.525818           0           0
    0.551467           0           0
    0.577117           0           0
    0.602767           0           0
    0.628416           0           0
    0.654066           0           0
    0.679715           0           0
    0.705365           0           0
    0.731015           0           0
    0.756664           0           0
    0.782314           0           0
    0.807964           0           0
    0.833613           0           0
    0.859263           0           0
    0.884913           0           0
    0.910562           0           0
    0.936212 0.000135692  7.3817e-05
    0.961861  0.00697235 0.000495655
    0.987511    0.101998  0.00248327
     1.01316     0.45539  0.00594102
     1.03881     1.20087   0.0112349
     1.06446     2.03469   0.0186339
     1.09011     2.69605   0.0200067
     1.11576      3.0033   0.0288793
     1.14141     2.96168   0.0212174
     1.16706     2.71198   0.0125486
     1.19271     2.40139  0.00944553
     1.21836     2.09829   0.0176872
     1.24401     1.85174   0.0584289
     1.26966     1.55222   0.0151487
     1.29531     1.32818   0.0108898
     1.32096     1.17285  0.00671744
     1.34661     1.02225  0.00812089
     1.37226    0.899036  0.00690851
     1.39791    0.816941  0.00616578
     1.42355    0.756005  0.00556396
      1.4492    0.706073  0.00585875
     1.47485    0.668547  0.00546967
      1.5005    0.638839  0.00670063
     1.52615    0.624316  0.00546468
      1.5518    0.605957  0.00629792
     1.57745    0.591125  0.00420871
      1.6031    0.587573  0.00646818
     1.62875    0.591773  0.00516724
      1.6544    0.602733  0.00676131
     1.68005    0.623593  0.00546471
      1.7057    0.648452  0.00427085
     1.73135    0.696412   0.0179576
       1.757    0.721489  0.00496446
     1.78265    0.760993  0.00558548
      1.8083    0.805629  0.00650106
     1.83395    0.855564  0.00722276
      1.8596    0.898114  0.00749299
     1.88525    0.957029   0.0107472
      1.9109     1.01686   0.0116194
     1.93655     1.06261   0.0108962
      1.9622     1.10893  0.00887545
     1.98785      1.1605  0.00842965
      2.0135     1.18532  0.00641686
     2.03915      1.2217  0.00614563
      2.0648     1.24574  0.00718202
     2.09045     1.27051  0.00700201
      2.1161     1.30923   0.0320715
     2.14174     1.28592  0.00710356
     2.16739     1.26825  0.00738062
     2.19304     1.25178   0.0083981
     2.21869     1.22628   0.0062912
     2.24434     1.19215  0.00651985
     2.26999     1.15932  0.00540127
     2.29564      1.1138  0.00649429
     2.32129     1.06801  0.00709985
     2.34694     1.03485  0.00516931
     2.37259    0.994963  0.00661988
     2.39824    0.952617  0.00577773
     2.42389    0.918336  0.00589996
     2.44954     0.91155   0.0186452
     2.47519     0.87515  0.00454311
     2.50084    0.856617  0.00333465
     2.52649     0.84387  0.00391801
     2.55214    0.832641  0.00444467
   0.0128248           0           0
   0.0384745           0           0
   0.0641241           0           0
   0.0897737           0           0
    0.115423           0           0
    0.141073           0           0
    0.166723           0           0
    0.192372           0           0
    0.218022           0           0
    0.243672           0           0
    0.269321           0           0
    0.294971           0           0
     0.32062           0           0
     0.34627           0           0
     0.37192           0           0
    0.397569           0           0
    0.423219           0           0
    0.448869           0           0
    0.474518           0           0
    0.500168           0           0
    0.525818           0           0
    0.551467           0           0
    0.577117           0           0
    0.602767           0           0
    0.628416           0           0
    0.654066           0           0
    0.679715           0           0
    0.705365           0           0
    0.731015           0           0
    0.756664           0           0
    0.782314           0           0
    0.807964           0           0
    0.833613           0           0
    0.859263           0           0
    0.884913           0           0
    0.910562           0           0
    0.936212 0.000127211 6.96889e-05
    0.961861  0.00692063 0.000467367
    0.987511    0.101025  0.00251146
     1.01316    0.454965  0.00558493
     1.03881     1.20309   0.0107489
     1.06446     2.03736   0.0176589
     1.09011     2.70308   0.0199549
     1.11576     3.00471   0.0271086
     1.14141     2.96582    0.020292
     1.16706     2.71243   0.0117723
     1.19271     2.39976  0.00899435
     1.21836     2.09312   0.0173188
     1.24401     1.84651   0.0550111
     1.26966     1.54924   0.0144906
     1.29531     1.32913   0.0102512
     1.32096     1.17085  0.00658869
     1.34661     1.01924   0.0081541
     1.37226    0.901553   0.0069201
     1.39791    0.818897  0.00608272
     1.42355    0.754406  0.00544107
      1.4492      0.7049  0.00560867
     1.47485    0.669285  0.00517731
      1.5005    0.636575  0.00665339
     1.52615    0.622743   0.0053446
      1.5518    0.605223    0.005947
     1.57745    0.591649  0.00397823
      1.6031    0.587703  0.00606522
     1.62875    0.592619  0.00491313
      1.6544    0.603353  0.00636713
     1.68005    0.624607  0.00521626
      1.7057    0.648995  0.00403825
     1.73135    0.695786   0.0168461
       1.757    0.722377  0.00473292
     1.78265    0.760117  0.00530451
      1.8083    0.805155  0.00611201
     1.83395     0.85364   0.0070229
      1.8596    0.899614  0.00717316
     1.88525    0.958201   0.0101392
      1.9109     1.01971   0.0112363
     1.93655     1.06447   0.0103729
      1.9622     1.11022  0.00841437
     1.98785     1.15955   0.0079556
      2.0135     1.18624  0.00608139
     2.03915     1.22414  0.00622823
      2.0648     1.24686  0.00681943
     2.09045     1.27254  0.00685357
      2.1161     1.30807   0.0300882
     2.14174     1.28726   0.0067843
     2.16739     1.26808  0.00692128
     2.19304     1.24984  0.00809439
     2.21869     1.22528  0.00597687
     2.24434     1.19164  0.00613269
     2.26999      1.1575  0.00536145
     2.29564     1.11271  0.00617886
     2.32129     1.06643  0.00682932
     2.34694     1.03328  0.00507949
     2.37259    0.993511  0.00636335
     2.39824    0.951786  0.00547604
     2.42389    0.917598  0.00557718
     2.44954    0.910623   0.0175029
     2.47519    0.875359  0.00426397
     2.50084    0.855286  0.00338146
     2.52649    0.842767  0.00382538
     2.55214    0.833873   0.0043342
   0.0128248           0           0
   0.0384745           0           0
   0.0641241           0           0
   0.0897737           0           0
    0.115423           0           0
    0.141073           0           0
    0.166723           0           0
    0.192372           0           0
    0.218022           0           0
    0.243672           0           0
    0.269321           0           0
    0.294971           0           0
     0.32062           0           0
     0.34627           0           0
     0.37192           0           0
    0.397569           0           0
    0.423219           0           0
    0.448869           0           0
    0.474518           0           0
    0.500168           0           0
    0.525818           0           0
    0.551467           0           0
    0.577117           0           0
    0.602767           0           0
    0.628416           0           0
    0.654066           0           0
    0.679715           0           0
    0.705365           0           0
    0.731015           0           0
    0.756664           0           0
    0.782314           0           0
    0.807964           0           0
    0.833613           0           0
    0.859263           0           0
    0.884913           0           0
    0.910562           0           0
    0.936212 0.000119728 6.59901e-05
    0.961861   0.0068991 0.000440371
    0.987511    0.100084  0.00253379
     1.01316    0.453082  0.00556478
     1.03881     1.20551    0.010385
     1.06446      2.0423   0.0172988
     1.09011     2.70758   0.0192797
     1.11576     3.00797   0.0257092
     1.14141     2.96451   0.0191409
     1.16706     2.70673   0.0123837
     1.19271     2.40445  0.00961091
     1.21836     2.09161   0.0163661
     1.24401     1.84118   0.0520324
     1.26966     1.54796   0.0136948
     1.29531     1.32539   0.0103093
     1.32096     1.16769  0.00691798
     1.34661     1.01282  0.00988053
     1.37226    0.899024  0.00695986
     1.39791    0.820398  0.00590704
     1.42355     0.75574  0.00528193
      1.4492    0.706144  0.00541493
     1.47485     0.67031  0.00497317
      1.5005     0.63545  0.00635639
     1.52615    0.621915    0.005094
      1.5518    0.605841  0.00562926
     1.57745    0.592198  0.00378189
      1.6031    0.590007  0.00613029
     1.62875    0.596281  0.00583134
      1.6544    0.606766   0.0068465
     1.68005     0.62684  0.00536644
      1.7057    0.649589  0.00384426
     1.73135    0.697315   0.0159244
       1.757    0.724356  0.00485047
     1.78265    0.759365  0.00504557
      1.8083    0.807116  0.00605917
     1.83395    0.855745  0.00691792
      1.8596    0.899719  0.00675198
     1.88525    0.957579   0.0095619
      1.9109     1.01861   0.0106285
     1.93655     1.06384  0.00978151
      1.9622      1.1072  0.00844297
     1.98785     1.15746  0.00775902
      2.0135     1.18558  0.00575901
     2.03915     1.22166  0.00633571
      2.0648     1.24389  0.00703421
     2.09045     1.27329  0.00649039
      2.1161     1.30678   0.0283459
     2.14174     1.28619  0.00646958
     2.16739     1.26815  0.00651447
     2.19304     1.24992  0.00761862
     2.21869     1.22521  0.00562567
     2.24434      1.1946  0.00645051
     2.26999     1.15739  0.00504708
     2.29564     1.11251  0.00581844
     2.32129     1.06519  0.00653879
     2.34694     1.03364  0.00479347
     2.37259    0.994186  0.00602469
     2.39824    0.953294  0.00535747
     2.42389    0.917985  0.00526255
     2.44954    0.908816   0.0165663
     2.47519    0.873935  0.00424415
     2.50084    0.853978  0.00342603
     2.52649    0.841827  0.00371404
     2.55214    0.834156  0.00408848
   0.0128248           0           0
   0.0384745           0           0
   0.0641241           0           0
   0.0897737           0           0
    0.115423           0           0
    0.141073           0           0
    0.166723           0           0
    0.192372           0           0
    0.218022           0           0
    0.243672           0           0
    0.269321           0           0
    0.294971           0           0
     0.32062           0           0
     0.34627           0           0
     0.37192           0           0
    0.397569           0           0
    0.423219           0           0
    0.448869           0           0
    0.474518           0           0
    0.500168           0           0
    0.525818           0           0
    0.551467           0           0
    0.577117           0           0
    0.602767           0           0
    0.628416           0           0
    0.654066           0           0
    0.679715           0           0
    0.705365           0           0
    0.731015           0           0
    0.756664           0           0
    0.782314           0           0
    0.807964           0           0
    0.833613           0           0
    0.859263           0           0
    0.884913           0           0
    0.910562           0           0
    0.936212 0.000113077 6.26583e-05
    0.961861  0.00691637 0.000416245
    0.987511   0.0996362  0.00243233
     1.01316    0.454777  0.00550781
     1.03881     1.20628  0.00983669
     1.06446     2.03968   0.0165348
     1.09011     2.70265   0.0188281
     1.11576     3.00413   0.0245649
     1.14141     2.96404   0.0180833
     1.16706      2.7065   0.0116978
     1.19271     2.40274  0.00922773
     1.21836     2.09486   0.0157764
     1.24401     1.84478   0.0492659
     1.26966     1.55089   0.0132431
     1.29531      1.3266   0.0098077
     1.32096     1.16882   0.0066242
     1.34661     1.01503   0.0095754
     1.37226    0.900098  0.00665558
     1.39791    0.820695  0.00558636
     1.42355    0.756749  0.00508393
      1.4492    0.706694  0.00514191
     1.47485    0.669313  0.00479582
      1.5005    0.633411  0.00632209
     1.52615    0.619284  0.00544806
      1.5518    0.603424  0.00581228
     1.57745    0.591806  0.00359212
      1.6031    0.591377  0.00594086
     1.62875    0.596735    0.005525
      1.6544    0.606888  0.00646721
     1.68005    0.626566  0.00507532
      1.7057    0.648483  0.00378645
     1.73135     0.69514   0.0151876
       1.757    0.722735  0.00484419
     1.78265    0.758584  0.00482536
      1.8083    0.807241  0.00572384
     1.83395    0.856212  0.00654933
      1.8596    0.899319  0.00638873
     1.88525      0.9578  0.00903325
      1.9109     1.01875    0.010039
     1.93655     1.06517   0.0093273
      1.9622       1.108  0.00801141
     1.98785     1.15637   0.0074033
      2.0135     1.18594  0.00545007
     2.03915     1.22193  0.00598937
      2.0648     1.24573  0.00687809
     2.09045     1.27338  0.00613052
      2.1161     1.30545   0.0268023
     2.14174     1.28721  0.00619009
     2.16739     1.26812  0.00615263
     2.19304     1.24964  0.00720054
     2.21869     1.22557  0.00532451
     2.24434     1.19573  0.00618976
     2.26999     1.15778  0.00478149
     2.29564     1.11344  0.00556839
     2.32129     1.06678  0.00636522
     2.34694     1.03473  0.00465054
     2.37259    0.993665  0.00571246
     2.39824    0.953173  0.00506119
     2.42389    0.917055  0.00505169
     2.44954    0.906058   0.0158739
     2.47519    0.873724  0.00401365
     2.50084    0.854837  0.00334169
     2.52649    0.841754  0.00350842
     2.55214    0.834229    0.003862
   0.0128248           0           0
   0.0384745           0           0
   0.0641241           0           0
   0.0897737           0           0
    0.115423           0           0
    0.141073           0           0
    0.166723           0           0
    0.192372           0           0
    0.218022           0           0
    0.243672           0           0
    0.269321           0           0
    0.294971           0           0
     0.32062           0           0
     0.34627           0           0
     0.37192           0           0
    0.397569           0           0
    0.423219           0           0
    0.448869           0           0
    0.474518           0           0
    0.500168           0           0
    0.525818           0           0
    0.551467           0           0
    0.577117           0           0
    0.602767           0           0
    0.628416           0           0
    0.654066           0           0
    0.679715           0           0
    0.705365           0           0
    0.731015           0           0
    0.756664           0           0
    0.782314           0           0
    0.807964           0           0
    0.833613           0           0
    0.859263           0           0
    0.884913           0           0
    0.910562           0           0
    0.936212 0.000107125 5.96424e-05
    0.961861   0.0068542 0.000398952
    0.987511   0.0999196  0.00232076
     1.01316    0.455567   0.0052743
     1.03881     1.20225   0.0101095
     1.06446     2.04095   0.0157134
     1.09011     2.70732   0.0184083
     1.11576     3.00024   0.0235784
     1.14141     2.96536   0.0171803
     1.16706     2.70546   0.0111278
     1.19271     2.40107  0.00889256
     1.21836     2.09417   0.0149612
     1.24401     1.84395   0.0466799
     1.26966     1.55171   0.0125716
     1.29531     1.33169   0.0105288
     1.32096     1.17065   0.0065242
     1.34661     1.01683  0.00923929
     1.37226    0.901832  0.00652711
     1.39791    0.823732  0.00606199
     1.42355     0.75743  0.00486178
      1.4492    0.705175  0.00509069
     1.47485    0.667165  0.00500118
      1.5005    0.632234  0.00609776
     1.52615    0.618181  0.00527197
      1.5518    0.602601  0.00556444
     1.57745    0.589787  0.00392974
      1.6031    0.589321   0.0059733
     1.62875    0.596477  0.00524024
      1.6544    0.607387  0.00614605
     1.68005    0.626289  0.00481577
      1.7057    0.647189  0.00380193
     1.73135     0.69345    0.014482
       1.757    0.722513  0.00459435
     1.78265    0.758639  0.00457171
      1.8083    0.807237  0.00542258
     1.83395    0.857817  0.00639838
      1.8596    0.900515  0.00616341
     1.88525    0.959922  0.00880351
      1.9109     1.01964  0.00954962
     1.93655      1.0651  0.00883664
      1.9622     1.10738  0.00761334
     1.98785     1.15477  0.00718523
      2.0135     1.18623  0.00517097
     2.03915     1.22277   0.0057334
      2.0648     1.24643  0.00655185
     2.09045     1.27461   0.0059305
      2.1161     1.30177   0.0256432
     2.14174     1.28461  0.00638696
     2.16739     1.26651  0.00603582
     2.19304      1.2497  0.00682187
     2.21869      1.2263  0.00509318
     2.24434     1.19632  0.00589179
     2.26999     1.15972  0.00490693
     2.29564     1.11475  0.00542791
     2.32129     1.06882   0.0063497
     2.34694     1.03584  0.00453513
     2.37259    0.995416  0.00567377
     2.39824    0.954372  0.00493482
     2.42389    0.917693  0.00482585
     2.44954     0.90628     0.01504
     2.47519    0.873359  0.00381891
     2.50084    0.854636   0.0031719
     2.52649     0.84046  0.00355434
     2.55214    0.833608   0.0037083
   0.0128248           0           0
   0.0384745           0           0
   0.0641241           0           0
   0.0897737           0           0
    0.115423           0           0
    0.141073           0           0
    0.166723           0           0
    0.192372           0           0
    0.218022           0           0
    0.243672           0           0
    0.269321           0           0
    0.294971           0           0
     0.32062           0           0
     0.34627           0           0
     0.37192           0           0
    0.397569           0           0
    0.423219           0           0
    0.448869           0           0
    0.474518           0           0
    0.500168           0           0
    0.525818           0           0
    0.551467           0           0
    0.577117           0           0
    0.602767           0           0
    0.628416           0           0
    0.654066           0           0
    0.679715           0           0
    0.705365           0           0
    0.731015           0           0
    0.756664           0           0
    0.782314           0           0
    0.807964           0           0
    0.833613           0           0
    0.859263           0           0
    0.884913           0           0
    0.910562           0           0
    0.936212 0.000101769 5.69003e-05
    0.961861  0.00718332 0.000496541
    0.987511     0.10065  0.00231682
     1.01316    0.456094  0.00503684
     1.03881     1.19916   0.0100664
     1.06446     2.03675   0.0154792
     1.09011     2.70595   0.0175387
     1.11576     2.99454   0.0230788
     1.14141     2.96375   0.0163973
     1.16706     2.70446   0.0106169
     1.19271     2.40395  0.00890222
     1.21836     2.09928    0.015062
     1.24401     1.84534   0.0443667
     1.26966     1.55457   0.0122634
     1.29531     1.33398    0.010249
     1.32096      1.1715  0.00625315
     1.34661     1.01789  0.00883737
     1.37226    0.902102  0.00620634
     1.39791     0.82341  0.00576745
     1.42355    0.760983  0.00577283
      1.4492     0.70735  0.00528036
     1.47485    0.666693  0.00477332
      1.5005    0.631989  0.00579781
     1.52615    0.615953  0.00545854
      1.5518    0.600592   0.0056371
     1.57745    0.588522   0.0039315
      1.6031    0.588083  0.00580144
     1.62875    0.595818   0.0050195
      1.6544    0.606423  0.00591387
     1.68005    0.626364  0.00457558
      1.7057    0.646739  0.00363843
     1.73135    0.691477   0.0138916
       1.757    0.721798  0.00441988
     1.78265    0.759634  0.00445004
      1.8083    0.806949  0.00515909
     1.83395    0.856696  0.00617595
      1.8596    0.900372   0.0058569
     1.88525    0.960796  0.00840655
      1.9109     1.02049  0.00910962
     1.93655     1.06665  0.00852938
      1.9622     1.10736  0.00723272
     1.98785     1.15457  0.00682858
      2.0135     1.18762  0.00509715
     2.03915     1.22551  0.00606368
      2.0648     1.24862  0.00658201
     2.09045     1.27508  0.00565186
      2.1161     1.30019   0.0244099
     2.14174     1.28369   0.0061325
     2.16739      1.2644  0.00609072
     2.19304     1.24883  0.00653642
     2.21869     1.22534  0.00492687
     2.24434     1.19606  0.00560264
     2.26999     1.15836  0.00484693
     2.29564     1.11388  0.00522685
     2.32129     1.07026  0.00619171
     2.34694      1.0363  0.00433134
     2.37259    0.994792   0.0054243
     2.39824    0.954848  0.00471096
     2.42389    0.918604  0.00466988
     2.44954    0.906453    0.014289
     2.47519    0.873762  0.00364911
     2.50084    0.854824   0.0030189
     2.52649    0.840372  0.00337772
     2.55214    0.833613  0.00352289
